1602304.0 1602304.0 2904176.0 1301872.0 1001440.0 3004320.0 1702448.0 1602304.0 1902736.0 3304752.0 3605184.0 3304752.0 1602304.0 2603744.0 1902736.0 35751408.0 0.650145217638
2103024.0 1201728.0 2203168.0 1402016.0 1101584.0 3404896.0 1602304.0 1402016.0 1902736.0 1702448.0 1001440.0 2103024.0 1402016.0 2603744.0 1201728.0 29141904.0 0.650145217638
1902736.0 1301872.0 3204608.0 1402016.0 1101584.0 3204608.0 1602304.0 1402016.0 1802592.0 1402016.0 1001440.0 2103024.0 1001440.0 2203168.0 1001440.0 28140464.0 0.650145217638
2103024.0 1201728.0 1902736.0 1702448.0 1201728.0 2603744.0 1402016.0 1101584.0 1502160.0 1402016.0 1201728.0 2603744.0 901296.0 2403456.0 500720.0 26337872.0 0.650145217638
2203168.0 1201728.0 2203168.0 1402016.0 1301872.0 2904176.0 1502160.0 1402016.0 1902736.0 1502160.0 1101584.0 2203168.0 1502160.0 3204608.0 1201728.0 29242048.0 0.650145217638
1402016.0 1001440.0 1902736.0 1402016.0 1001440.0 3705328.0 1702448.0 1702448.0 1802592.0 1702448.0 1201728.0 7610944.0 1201728.0 1301872.0 1001440.0 32046080.0 0.650145217638
1702448.0 1301872.0 2503600.0 1502160.0 801152.0 3204608.0 1802592.0 1301872.0 2103024.0 2103024.0 1502160.0 3805472.0 1201728.0 1602304.0 1101584.0 30043200.0 0.650145217638
1902736.0 1402016.0 1602304.0 1502160.0 1201728.0 2804032.0 1402016.0 1201728.0 1702448.0 2904176.0 1101584.0 2103024.0 1201728.0 2203168.0 500720.0 27038880.0 0.650145217638
0.0 100144.0 1702448.0 1402016.0 901296.0 3705328.0 1702448.0 1602304.0 2002880.0 1402016.0 1101584.0 7410656.0 1502160.0 3905616.0 1201728.0 31945936.0 0.650145217638
2203168.0 1702448.0 1802592.0 1201728.0 1201728.0 3104464.0 1602304.0 1702448.0 1902736.0 1502160.0 701008.0 2303312.0 1402016.0 2904176.0 1101584.0 29041760.0 0.650145217638
2103024.0 1201728.0 2002880.0 1602304.0 801152.0 3204608.0 2103024.0 1201728.0 1902736.0 1702448.0 901296.0 4206048.0 1602304.0 1702448.0 1301872.0 30043200.0 0.650145217638
2002880.0 1101584.0 1502160.0 1402016.0 1101584.0 3404896.0 1902736.0 1201728.0 1602304.0 901296.0 1201728.0 2804032.0 1502160.0 2103024.0 1001440.0 27139024.0 0.650145217638
2103024.0 1402016.0 2103024.0 1101584.0 1301872.0 3605184.0 1602304.0 1802592.0 2002880.0 1702448.0 801152.0 2203168.0 1902736.0 11716848.0 1902736.0 39957456.0 0.650145217638
2002880.0 1101584.0 1802592.0 1702448.0 801152.0 3104464.0 2002880.0 1301872.0 2002880.0 1902736.0 1402016.0 2103024.0 1502160.0 2303312.0 1201728.0 28941616.0 0.650145217638
2103024.0 901296.0 2203168.0 1702448.0 901296.0 2804032.0 1702448.0 1402016.0 1902736.0 1702448.0 1201728.0 1902736.0 1301872.0 2403456.0 1001440.0 27539600.0 0.650145217638
2503600.0 1502160.0 2503600.0 1602304.0 1602304.0 2503600.0 1802592.0 1101584.0 2203168.0 3605184.0 1802592.0 3304752.0 1502160.0 2303312.0 1101584.0 33548240.0 0.650145217638
1902736.0 1001440.0 2002880.0 1502160.0 701008.0 3404896.0 1802592.0 1402016.0 1902736.0 1702448.0 1402016.0 2403456.0 1702448.0 3004320.0 1201728.0 29442336.0 0.650145217638
2103024.0 1502160.0 4206048.0 1702448.0 1201728.0 2904176.0 2002880.0 1001440.0 2603744.0 2303312.0 1402016.0 3505040.0 3905616.0 2703888.0 1402016.0 37954576.0 0.650145217638
2002880.0 1201728.0 2503600.0 1602304.0 801152.0 3304752.0 1702448.0 1902736.0 2403456.0 2103024.0 1402016.0 2603744.0 1201728.0 1902736.0 400576.0 29742768.0 0.650145217638
2503600.0 2203168.0 2103024.0 1802592.0 1201728.0 3004320.0 1902736.0 1402016.0 4105904.0 2403456.0 1402016.0 6108784.0 1301872.0 1702448.0 500720.0 36051840.0 0.650145217638
2002880.0 1101584.0 2203168.0 1101584.0 901296.0 3404896.0 1902736.0 1402016.0 2103024.0 1902736.0 1502160.0 2303312.0 901296.0 2203168.0 500720.0 27940176.0 0.650145217638
2002880.0 1301872.0 2303312.0 1702448.0 901296.0 3104464.0 2002880.0 1902736.0 2203168.0 2203168.0 1602304.0 3304752.0 1702448.0 2904176.0 701008.0 32446656.0 0.650145217638
2804032.0 1402016.0 1702448.0 1402016.0 901296.0 3605184.0 1702448.0 1402016.0 2303312.0 1702448.0 1001440.0 2503600.0 1502160.0 1902736.0 1402016.0 29842912.0 0.650145217638
2002880.0 1402016.0 3605184.0 1802592.0 1602304.0 4606624.0 2103024.0 1902736.0 2403456.0 2203168.0 1301872.0 2303312.0 1201728.0 2103024.0 901296.0 34149104.0 0.650145217638
2103024.0 1201728.0 2002880.0 1301872.0 1001440.0 3605184.0 1702448.0 1101584.0 2103024.0 1702448.0 1001440.0 2804032.0 2403456.0 4406336.0 1201728.0 32546800.0 0.650145217638
2002880.0 1201728.0 1802592.0 1402016.0 901296.0 3505040.0 1902736.0 1502160.0 2103024.0 1702448.0 1402016.0 1902736.0 1201728.0 2804032.0 801152.0 28541040.0 0.650145217638
1902736.0 1101584.0 2002880.0 1402016.0 1001440.0 3204608.0 1902736.0 1201728.0 2002880.0 1802592.0 1201728.0 2203168.0 901296.0 1201728.0 701008.0 26037440.0 0.650145217638
2002880.0 1101584.0 1702448.0 1301872.0 1502160.0 3505040.0 2002880.0 901296.0 1702448.0 1201728.0 1101584.0 1702448.0 1402016.0 2103024.0 1101584.0 26838592.0 0.650145217638
2403456.0 1402016.0 1402016.0 1502160.0 901296.0 3304752.0 1902736.0 1001440.0 1602304.0 1402016.0 1201728.0 2403456.0 1702448.0 600864.0 1902736.0 27038880.0 0.650145217638
1902736.0 1301872.0 3605184.0 1001440.0 1101584.0 5107344.0 1902736.0 2403456.0 2103024.0 2103024.0 1301872.0 2303312.0 1201728.0 1802592.0 600864.0 31945936.0 0.650145217638
1802592.0 1001440.0 1902736.0 1201728.0 901296.0 3605184.0 1402016.0 1402016.0 1602304.0 1902736.0 1502160.0 2403456.0 901296.0 1602304.0 801152.0 26337872.0 0.650145217638
1702448.0 1802592.0 2703888.0 801152.0 1001440.0 3204608.0 2103024.0 1001440.0 2002880.0 1702448.0 1402016.0 8812672.0 5307632.0 3204608.0 1602304.0 41559760.0 0.650145217638
2103024.0 1402016.0 2603744.0 1502160.0 901296.0 3104464.0 2103024.0 1001440.0 1802592.0 1702448.0 1001440.0 2303312.0 1402016.0 4105904.0 701008.0 30543920.0 0.650145217638
2203168.0 1502160.0 4206048.0 1602304.0 801152.0 3505040.0 1502160.0 1301872.0 2002880.0 1502160.0 1201728.0 2503600.0 1301872.0 1802592.0 701008.0 29943056.0 0.650145217638
2103024.0 1602304.0 2403456.0 1502160.0 701008.0 3505040.0 1201728.0 1702448.0 1101584.0 1902736.0 1201728.0 2403456.0 1201728.0 1101584.0 1001440.0 26738448.0 0.650145217638
1702448.0 901296.0 3204608.0 901296.0 901296.0 3204608.0 1402016.0 1402016.0 1902736.0 1502160.0 1402016.0 8111664.0 1101584.0 1702448.0 701008.0 32146224.0 0.650145217638
1902736.0 1902736.0 1902736.0 2103024.0 1502160.0 2503600.0 1902736.0 1001440.0 1902736.0 901296.0 1201728.0 2603744.0 1001440.0 1702448.0 400576.0 26838592.0 0.650145217638
2403456.0 1602304.0 3004320.0 5207488.0 1201728.0 2403456.0 1402016.0 1301872.0 1802592.0 1502160.0 600864.0 1802592.0 1602304.0 2804032.0 1402016.0 32847232.0 0.650145217638
1001440.0 600864.0 1502160.0 1602304.0 1201728.0 1902736.0 1402016.0 1201728.0 1702448.0 1101584.0 500720.0 2403456.0 1402016.0 3304752.0 1402016.0 25136144.0 0.650145217638
600864.0 1502160.0 2203168.0 1802592.0 1201728.0 2203168.0 1502160.0 1301872.0 1702448.0 1502160.0 500720.0 1902736.0 1602304.0 1502160.0 1702448.0 25937296.0 0.650145217638
500720.0 901296.0 2203168.0 901296.0 1502160.0 1802592.0 1502160.0 1201728.0 1902736.0 1101584.0 200288.0 2904176.0 1402016.0 2403456.0 1201728.0 24435136.0 0.650145217638
600864.0 901296.0 2103024.0 1402016.0 901296.0 1702448.0 2403456.0 1702448.0 2203168.0 8912816.0 1301872.0 2203168.0 1902736.0 2703888.0 1802592.0 35050400.0 0.650145217638
400576.0 801152.0 2002880.0 1602304.0 1001440.0 2103024.0 1702448.0 1201728.0 1902736.0 1602304.0 3805472.0 2403456.0 1101584.0 1502160.0 1402016.0 27439456.0 0.650145217638
600864.0 1702448.0 500720.0 1402016.0 901296.0 6509360.0 1602304.0 2503600.0 2103024.0 2503600.0 1402016.0 2303312.0 2103024.0 2002880.0 1602304.0 32847232.0 0.650145217638
901296.0 801152.0 1402016.0 1602304.0 1001440.0 2103024.0 1902736.0 1402016.0 6609504.0 3605184.0 1201728.0 2303312.0 1502160.0 1702448.0 1201728.0 31945936.0 0.650145217638
701008.0 1702448.0 701008.0 1101584.0 901296.0 2002880.0 1802592.0 1301872.0 2904176.0 2904176.0 1101584.0 3505040.0 1402016.0 1702448.0 1502160.0 28340752.0 0.650145217638
500720.0 901296.0 1301872.0 1702448.0 901296.0 2203168.0 2103024.0 701008.0 2203168.0 1902736.0 701008.0 2503600.0 1201728.0 1502160.0 1201728.0 24535280.0 0.650145217638
