1902736.0 701008.0 1201728.0 1702448.0 1301872.0 1902736.0 701008.0 2303312.0 1702448.0 4506480.0 1402016.0 3004320.0 1201728.0 2303312.0 1602304.0 30343632.0 0.733338599406
2403456.0 901296.0 701008.0 2002880.0 901296.0 1902736.0 1101584.0 2203168.0 1402016.0 1702448.0 1602304.0 3404896.0 1702448.0 1502160.0 2002880.0 28741328.0 0.733338599406
2002880.0 901296.0 1602304.0 2303312.0 1802592.0 1702448.0 1001440.0 2503600.0 1402016.0 1802592.0 1602304.0 3705328.0 1502160.0 1902736.0 2002880.0 31044640.0 0.733338599406
1301872.0 1001440.0 1301872.0 1702448.0 2603744.0 4005760.0 1201728.0 3605184.0 1402016.0 2403456.0 1201728.0 3304752.0 1402016.0 1402016.0 1702448.0 32847232.0 0.733338599406
2002880.0 701008.0 1602304.0 1402016.0 1402016.0 1902736.0 801152.0 2203168.0 1402016.0 2002880.0 1402016.0 2002880.0 1201728.0 1502160.0 1301872.0 26738448.0 0.733338599406
1802592.0 1001440.0 1201728.0 1402016.0 1502160.0 2303312.0 901296.0 2904176.0 1402016.0 2804032.0 1201728.0 2703888.0 1301872.0 1702448.0 3104464.0 30744208.0 0.733338599406
1902736.0 600864.0 1201728.0 1001440.0 1001440.0 2002880.0 701008.0 2403456.0 1602304.0 1602304.0 1101584.0 1802592.0 1602304.0 1402016.0 1502160.0 24735568.0 0.733338599406
1902736.0 901296.0 1201728.0 1402016.0 2403456.0 1602304.0 1001440.0 1902736.0 1702448.0 1702448.0 1101584.0 2403456.0 1602304.0 1502160.0 1301872.0 27239168.0 0.733338599406
4706768.0 0.0 0.0 901296.0 1502160.0 1902736.0 801152.0 1902736.0 1602304.0 2804032.0 1402016.0 4005760.0 1201728.0 1502160.0 1101584.0 28340752.0 0.733338599406
1902736.0 901296.0 1502160.0 1702448.0 1802592.0 2403456.0 901296.0 2203168.0 2303312.0 6008640.0 901296.0 1902736.0 1702448.0 1402016.0 1402016.0 32546800.0 0.733338599406
1902736.0 901296.0 1301872.0 1802592.0 3304752.0 1602304.0 1301872.0 2103024.0 1402016.0 2002880.0 901296.0 1802592.0 1402016.0 1301872.0 1402016.0 27739888.0 0.733338599406
1902736.0 1001440.0 1101584.0 1702448.0 1201728.0 2103024.0 1201728.0 2503600.0 1602304.0 2002880.0 1301872.0 2103024.0 1402016.0 1502160.0 1502160.0 26838592.0 0.733338599406
1902736.0 901296.0 2603744.0 1702448.0 1702448.0 1602304.0 901296.0 2203168.0 1702448.0 1602304.0 1201728.0 2403456.0 1402016.0 1602304.0 1702448.0 28741328.0 0.733338599406
1902736.0 801152.0 1702448.0 1402016.0 1101584.0 2103024.0 801152.0 1902736.0 1902736.0 2303312.0 1201728.0 1902736.0 4706768.0 0.0 0.0 26438016.0 0.733338599406
2002880.0 1001440.0 1702448.0 1402016.0 1402016.0 2103024.0 1001440.0 2904176.0 1301872.0 2603744.0 1201728.0 4005760.0 1201728.0 2002880.0 2103024.0 31244928.0 0.733338599406
2703888.0 1001440.0 2403456.0 2002880.0 1101584.0 2002880.0 801152.0 2103024.0 1702448.0 2904176.0 1001440.0 1902736.0 1101584.0 1402016.0 1502160.0 28741328.0 0.733338599406
2203168.0 600864.0 1702448.0 1702448.0 1101584.0 2002880.0 701008.0 2103024.0 1602304.0 1502160.0 1201728.0 1602304.0 1201728.0 1201728.0 1402016.0 24835712.0 0.733338599406
2002880.0 701008.0 1802592.0 1101584.0 1301872.0 1902736.0 801152.0 3404896.0 1301872.0 2503600.0 1201728.0 4105904.0 1001440.0 1602304.0 2002880.0 29943056.0 0.733338599406
2403456.0 1702448.0 3204608.0 1702448.0 1402016.0 2203168.0 600864.0 2203168.0 1902736.0 3304752.0 1402016.0 1902736.0 1201728.0 1502160.0 1602304.0 31044640.0 0.733338599406
2103024.0 701008.0 1602304.0 1602304.0 1402016.0 2203168.0 600864.0 2002880.0 1802592.0 1402016.0 1502160.0 1402016.0 1502160.0 1201728.0 1602304.0 25536720.0 0.733338599406
2303312.0 500720.0 1702448.0 1402016.0 2103024.0 2203168.0 901296.0 2403456.0 1402016.0 2103024.0 1001440.0 1902736.0 1201728.0 1101584.0 1902736.0 27739888.0 0.733338599406
1802592.0 901296.0 1402016.0 1101584.0 1702448.0 1902736.0 4306192.0 2804032.0 2103024.0 3505040.0 1301872.0 2103024.0 1402016.0 1502160.0 1502160.0 32146224.0 0.733338599406
1802592.0 1201728.0 1702448.0 1702448.0 1902736.0 2103024.0 901296.0 2203168.0 1702448.0 2804032.0 1201728.0 1402016.0 1402016.0 1402016.0 2103024.0 28741328.0 0.733338599406
2403456.0 1602304.0 3004320.0 5207488.0 1201728.0 2403456.0 1402016.0 1301872.0 1802592.0 1502160.0 600864.0 1802592.0 1602304.0 2804032.0 1402016.0 32847232.0 0.733338599406
1001440.0 600864.0 1502160.0 1602304.0 1201728.0 1902736.0 1402016.0 1201728.0 1702448.0 1101584.0 500720.0 2403456.0 1402016.0 3304752.0 1402016.0 25136144.0 0.733338599406
600864.0 1502160.0 2203168.0 1802592.0 1201728.0 2203168.0 1502160.0 1301872.0 1702448.0 1502160.0 500720.0 1902736.0 1602304.0 1502160.0 1702448.0 25937296.0 0.733338599406
500720.0 901296.0 2203168.0 901296.0 1502160.0 1802592.0 1502160.0 1201728.0 1902736.0 1101584.0 200288.0 2904176.0 1402016.0 2403456.0 1201728.0 24435136.0 0.733338599406
600864.0 901296.0 2103024.0 1402016.0 901296.0 1702448.0 2403456.0 1702448.0 2203168.0 8912816.0 1301872.0 2203168.0 1902736.0 2703888.0 1802592.0 35050400.0 0.733338599406
400576.0 801152.0 2002880.0 1602304.0 1001440.0 2103024.0 1702448.0 1201728.0 1902736.0 1602304.0 3805472.0 2403456.0 1101584.0 1502160.0 1402016.0 27439456.0 0.733338599406
600864.0 1702448.0 500720.0 1402016.0 901296.0 6509360.0 1602304.0 2503600.0 2103024.0 2503600.0 1402016.0 2303312.0 2103024.0 2002880.0 1602304.0 32847232.0 0.733338599406
901296.0 801152.0 1402016.0 1602304.0 1001440.0 2103024.0 1902736.0 1402016.0 6609504.0 3605184.0 1201728.0 2303312.0 1502160.0 1702448.0 1201728.0 31945936.0 0.733338599406
701008.0 1702448.0 701008.0 1101584.0 901296.0 2002880.0 1802592.0 1301872.0 2904176.0 2904176.0 1101584.0 3505040.0 1402016.0 1702448.0 1502160.0 28340752.0 0.733338599406
500720.0 901296.0 1301872.0 1702448.0 901296.0 2203168.0 2103024.0 701008.0 2203168.0 1902736.0 701008.0 2503600.0 1201728.0 1502160.0 1201728.0 24535280.0 0.733338599406
