1301872.0 1802592.0 2703888.0 1602304.0 1402016.0 3304752.0 1702448.0 2002880.0 2703888.0 2203168.0 2103024.0 2703888.0 2403456.0 2603744.0 1902736.0 36852992.0 0.783416061624
2103024.0 1902736.0 4105904.0 1802592.0 4105904.0 2603744.0 1902736.0 6409216.0 2403456.0 2603744.0 2103024.0 4806912.0 1301872.0 1702448.0 2203168.0 45565520.0 0.783416061624
1702448.0 1502160.0 3705328.0 1201728.0 1402016.0 3004320.0 1902736.0 2403456.0 2403456.0 2904176.0 2002880.0 6208928.0 1702448.0 2203168.0 1602304.0 42661344.0 0.783416061624
1702448.0 1301872.0 3605184.0 1702448.0 1802592.0 2904176.0 1902736.0 1902736.0 2603744.0 2403456.0 2103024.0 2804032.0 1502160.0 1802592.0 1402016.0 35350832.0 0.783416061624
1702448.0 1702448.0 2603744.0 1301872.0 1702448.0 2703888.0 2002880.0 2303312.0 4907056.0 701008.0 2403456.0 4606624.0 1802592.0 2002880.0 1702448.0 38355152.0 0.783416061624
1101584.0 1301872.0 5507920.0 1802592.0 1902736.0 3104464.0 2103024.0 2603744.0 2603744.0 2603744.0 2203168.0 3505040.0 1402016.0 2002880.0 1402016.0 38655584.0 0.783416061624
1902736.0 1101584.0 2503600.0 1702448.0 1702448.0 2804032.0 2703888.0 2303312.0 2804032.0 3404896.0 2203168.0 3004320.0 1702448.0 2002880.0 1802592.0 37754288.0 0.783416061624
1402016.0 1402016.0 3204608.0 1301872.0 1502160.0 2603744.0 2503600.0 2703888.0 2603744.0 2303312.0 2203168.0 3104464.0 1101584.0 2403456.0 1902736.0 35751408.0 0.783416061624
1902736.0 3204608.0 3004320.0 2403456.0 1902736.0 3004320.0 2103024.0 1902736.0 2503600.0 2303312.0 2403456.0 2503600.0 1902736.0 2603744.0 1802592.0 39456736.0 0.783416061624
2603744.0 2403456.0 2603744.0 2103024.0 1702448.0 2403456.0 4005760.0 2403456.0 3004320.0 4105904.0 4206048.0 3104464.0 1402016.0 1902736.0 1702448.0 43162064.0 0.783416061624
1201728.0 1502160.0 4005760.0 1502160.0 1902736.0 4907056.0 2002880.0 2703888.0 3404896.0 2603744.0 2103024.0 2703888.0 1502160.0 2303312.0 1702448.0 42060480.0 0.783416061624
1201728.0 1402016.0 2603744.0 1902736.0 1702448.0 4506480.0 1602304.0 2603744.0 4105904.0 2603744.0 2103024.0 2904176.0 1101584.0 2103024.0 1502160.0 37554000.0 0.783416061624
1301872.0 1201728.0 3104464.0 1902736.0 1802592.0 4506480.0 1702448.0 2103024.0 3004320.0 2603744.0 1802592.0 2603744.0 1802592.0 1802592.0 1702448.0 39056160.0 0.783416061624
901296.0 1301872.0 3204608.0 1602304.0 1702448.0 4206048.0 1702448.0 3304752.0 3805472.0 2603744.0 1902736.0 2603744.0 1201728.0 1602304.0 1502160.0 36752848.0 0.783416061624
1502160.0 1402016.0 2703888.0 1502160.0 1702448.0 4105904.0 2303312.0 1402016.0 2703888.0 2804032.0 2002880.0 3304752.0 2403456.0 1802592.0 1802592.0 37554000.0 0.783416061624
701008.0 1502160.0 2804032.0 1402016.0 1702448.0 3605184.0 2303312.0 1201728.0 2603744.0 3505040.0 3404896.0 2804032.0 1502160.0 1402016.0 1402016.0 35651264.0 0.783416061624
1101584.0 1902736.0 3004320.0 1702448.0 1402016.0 4606624.0 3204608.0 2002880.0 2804032.0 2904176.0 2203168.0 2303312.0 1201728.0 1502160.0 1402016.0 37353712.0 0.783416061624
1101584.0 1502160.0 2804032.0 1702448.0 1402016.0 2804032.0 2002880.0 1602304.0 2603744.0 3805472.0 2603744.0 2403456.0 1402016.0 1402016.0 1402016.0 34149104.0 0.783416061624
1502160.0 1201728.0 3204608.0 1502160.0 1502160.0 4406336.0 1602304.0 2103024.0 3104464.0 3104464.0 2002880.0 2804032.0 1402016.0 1402016.0 1602304.0 37654144.0 0.783416061624
1001440.0 1402016.0 2804032.0 1402016.0 1702448.0 3304752.0 1902736.0 1702448.0 2303312.0 2203168.0 1902736.0 2804032.0 6809792.0 4105904.0 2303312.0 41559760.0 0.783416061624
1301872.0 1802592.0 2703888.0 1802592.0 1502160.0 4206048.0 2403456.0 2002880.0 4105904.0 2603744.0 1702448.0 2703888.0 1402016.0 1802592.0 1602304.0 38054720.0 0.783416061624
1001440.0 1602304.0 3104464.0 1902736.0 1402016.0 3505040.0 2002880.0 2303312.0 3304752.0 3404896.0 1802592.0 2703888.0 1201728.0 1602304.0 1602304.0 36352272.0 0.783416061624
2403456.0 1602304.0 3004320.0 5207488.0 1201728.0 2403456.0 1402016.0 1301872.0 1802592.0 1502160.0 600864.0 1802592.0 1602304.0 2804032.0 1402016.0 32847232.0 0.783416061624
1001440.0 600864.0 1502160.0 1602304.0 1201728.0 1902736.0 1402016.0 1201728.0 1702448.0 1101584.0 500720.0 2403456.0 1402016.0 3304752.0 1402016.0 25136144.0 0.783416061624
600864.0 1502160.0 2203168.0 1802592.0 1201728.0 2203168.0 1502160.0 1301872.0 1702448.0 1502160.0 500720.0 1902736.0 1602304.0 1502160.0 1702448.0 25937296.0 0.783416061624
500720.0 901296.0 2203168.0 901296.0 1502160.0 1802592.0 1502160.0 1201728.0 1902736.0 1101584.0 200288.0 2904176.0 1402016.0 2403456.0 1201728.0 24435136.0 0.783416061624
600864.0 901296.0 2103024.0 1402016.0 901296.0 1702448.0 2403456.0 1702448.0 2203168.0 8912816.0 1301872.0 2203168.0 1902736.0 2703888.0 1802592.0 35050400.0 0.783416061624
400576.0 801152.0 2002880.0 1602304.0 1001440.0 2103024.0 1702448.0 1201728.0 1902736.0 1602304.0 3805472.0 2403456.0 1101584.0 1502160.0 1402016.0 27439456.0 0.783416061624
600864.0 1702448.0 500720.0 1402016.0 901296.0 6509360.0 1602304.0 2503600.0 2103024.0 2503600.0 1402016.0 2303312.0 2103024.0 2002880.0 1602304.0 32847232.0 0.783416061624
901296.0 801152.0 1402016.0 1602304.0 1001440.0 2103024.0 1902736.0 1402016.0 6609504.0 3605184.0 1201728.0 2303312.0 1502160.0 1702448.0 1201728.0 31945936.0 0.783416061624
701008.0 1702448.0 701008.0 1101584.0 901296.0 2002880.0 1802592.0 1301872.0 2904176.0 2904176.0 1101584.0 3505040.0 1402016.0 1702448.0 1502160.0 28340752.0 0.783416061624
500720.0 901296.0 1301872.0 1702448.0 901296.0 2203168.0 2103024.0 701008.0 2203168.0 1902736.0 701008.0 2503600.0 1201728.0 1502160.0 1201728.0 24535280.0 0.783416061624
