801152.0 600864.0 1101584.0 600864.0 1602304.0 3705328.0 1301872.0 1702448.0 2603744.0 2203168.0 300432.0 1602304.0 2203168.0 1602304.0 2203168.0 27038880.0 0.746623276663
801152.0 200288.0 1902736.0 701008.0 1902736.0 3104464.0 1402016.0 1902736.0 2403456.0 2603744.0 200288.0 1702448.0 1602304.0 1001440.0 1602304.0 25937296.0 0.746623276663
400576.0 500720.0 1301872.0 701008.0 1702448.0 2303312.0 1201728.0 1301872.0 2303312.0 1602304.0 300432.0 1702448.0 1201728.0 1001440.0 1101584.0 21731248.0 0.746623276663
1001440.0 400576.0 1502160.0 701008.0 2103024.0 2603744.0 1201728.0 1402016.0 2002880.0 1602304.0 200288.0 1702448.0 1201728.0 701008.0 1402016.0 22832832.0 0.746623276663
1101584.0 500720.0 1902736.0 1301872.0 2203168.0 2603744.0 1702448.0 1101584.0 2303312.0 2002880.0 701008.0 1402016.0 801152.0 901296.0 1402016.0 24635424.0 0.746623276663
901296.0 500720.0 1402016.0 701008.0 2002880.0 2804032.0 1602304.0 1702448.0 2603744.0 2403456.0 200288.0 1702448.0 901296.0 1001440.0 1101584.0 24635424.0 0.746623276663
1101584.0 600864.0 1602304.0 1301872.0 2103024.0 2904176.0 1402016.0 1802592.0 2403456.0 3505040.0 1001440.0 2203168.0 1502160.0 701008.0 1602304.0 28541040.0 0.746623276663
1101584.0 500720.0 1201728.0 701008.0 1902736.0 2303312.0 1201728.0 1502160.0 2103024.0 1902736.0 901296.0 1702448.0 500720.0 1402016.0 1201728.0 23233408.0 0.746623276663
801152.0 500720.0 1301872.0 600864.0 1702448.0 2303312.0 1101584.0 1201728.0 2103024.0 1702448.0 400576.0 1602304.0 600864.0 1001440.0 1201728.0 21230528.0 0.746623276663
400576.0 801152.0 1301872.0 1001440.0 1902736.0 2403456.0 1602304.0 901296.0 2203168.0 1402016.0 500720.0 1402016.0 901296.0 1001440.0 1201728.0 21831392.0 0.746623276663
901296.0 500720.0 1301872.0 701008.0 1702448.0 2303312.0 1201728.0 1201728.0 2103024.0 1201728.0 300432.0 1502160.0 1001440.0 801152.0 1301872.0 20829952.0 0.746623276663
901296.0 400576.0 1201728.0 1001440.0 1702448.0 2403456.0 801152.0 1502160.0 2103024.0 1201728.0 300432.0 1902736.0 400576.0 1201728.0 1402016.0 21330672.0 0.746623276663
801152.0 500720.0 1201728.0 701008.0 1702448.0 2303312.0 701008.0 1502160.0 1902736.0 1702448.0 200288.0 1602304.0 1001440.0 701008.0 1702448.0 21030240.0 0.746623276663
801152.0 400576.0 1001440.0 701008.0 1602304.0 2203168.0 901296.0 1502160.0 2103024.0 901296.0 600864.0 1201728.0 1101584.0 1101584.0 1802592.0 20829952.0 0.746623276663
400576.0 500720.0 1201728.0 701008.0 1702448.0 2603744.0 701008.0 1902736.0 2203168.0 1101584.0 200288.0 1902736.0 500720.0 1201728.0 1502160.0 21130384.0 0.746623276663
1001440.0 600864.0 1001440.0 901296.0 2002880.0 4506480.0 2303312.0 2203168.0 2203168.0 1201728.0 300432.0 1902736.0 801152.0 1001440.0 1602304.0 26538160.0 0.746623276663
1001440.0 400576.0 1201728.0 701008.0 1902736.0 2603744.0 1001440.0 1602304.0 2103024.0 2203168.0 701008.0 1101584.0 701008.0 1001440.0 1702448.0 23033120.0 0.746623276663
901296.0 500720.0 1702448.0 1301872.0 3004320.0 2703888.0 1101584.0 1502160.0 2303312.0 2503600.0 901296.0 2603744.0 1902736.0 1001440.0 1902736.0 32046080.0 0.746623276663
1001440.0 200288.0 1602304.0 1201728.0 2203168.0 2503600.0 1201728.0 1502160.0 2103024.0 2103024.0 701008.0 1902736.0 300432.0 1702448.0 1402016.0 24435136.0 0.746623276663
901296.0 400576.0 1101584.0 701008.0 1702448.0 2303312.0 1101584.0 1201728.0 2002880.0 1602304.0 500720.0 1502160.0 600864.0 901296.0 1602304.0 20930096.0 0.746623276663
1001440.0 500720.0 1402016.0 1001440.0 1602304.0 2603744.0 1001440.0 1402016.0 2103024.0 1602304.0 300432.0 1702448.0 701008.0 1201728.0 1301872.0 22632544.0 0.746623276663
801152.0 300432.0 1101584.0 801152.0 1602304.0 2403456.0 901296.0 1301872.0 2203168.0 1602304.0 300432.0 1602304.0 100144.0 1301872.0 1402016.0 20529520.0 0.746623276663
1001440.0 200288.0 1201728.0 901296.0 1602304.0 2403456.0 1001440.0 1402016.0 1902736.0 1702448.0 400576.0 1702448.0 0.0 1402016.0 1602304.0 21330672.0 0.746623276663
1101584.0 300432.0 1001440.0 701008.0 1402016.0 2103024.0 1001440.0 1201728.0 2103024.0 1802592.0 0.0 1602304.0 1101584.0 801152.0 1502160.0 20329232.0 0.746623276663
901296.0 400576.0 1301872.0 701008.0 2002880.0 2503600.0 1101584.0 1602304.0 2203168.0 2103024.0 801152.0 1301872.0 1201728.0 801152.0 1702448.0 23433696.0 0.746623276663
100144.0 500720.0 1402016.0 400576.0 2002880.0 2603744.0 701008.0 1602304.0 1902736.0 1702448.0 300432.0 2303312.0 200288.0 1402016.0 1001440.0 21030240.0 0.746623276663
801152.0 400576.0 1101584.0 600864.0 1502160.0 2103024.0 801152.0 1402016.0 2103024.0 1902736.0 600864.0 1702448.0 300432.0 1201728.0 1301872.0 20329232.0 0.746623276663
701008.0 701008.0 1001440.0 701008.0 1602304.0 2103024.0 801152.0 1602304.0 2103024.0 1201728.0 500720.0 1702448.0 0.0 1402016.0 1001440.0 19628224.0 0.746623276663
600864.0 500720.0 1001440.0 701008.0 1301872.0 2103024.0 901296.0 1301872.0 2002880.0 1201728.0 200288.0 1602304.0 100144.0 1502160.0 901296.0 18326352.0 0.746623276663
1201728.0 200288.0 1201728.0 1001440.0 1602304.0 2603744.0 1402016.0 1502160.0 2002880.0 2002880.0 400576.0 1702448.0 300432.0 1201728.0 1301872.0 22532400.0 0.746623276663
901296.0 600864.0 801152.0 600864.0 1602304.0 2002880.0 801152.0 1301872.0 2002880.0 1201728.0 600864.0 1001440.0 901296.0 901296.0 1201728.0 19027360.0 0.746623276663
701008.0 100144.0 1201728.0 300432.0 1702448.0 2303312.0 801152.0 1301872.0 1902736.0 1201728.0 500720.0 1201728.0 500720.0 1101584.0 1001440.0 18626784.0 0.746623276663
400576.0 701008.0 801152.0 600864.0 1502160.0 2303312.0 600864.0 1402016.0 2203168.0 1101584.0 500720.0 1201728.0 801152.0 801152.0 1301872.0 19027360.0 0.746623276663
701008.0 500720.0 1001440.0 701008.0 1602304.0 2403456.0 1201728.0 1201728.0 2303312.0 901296.0 801152.0 1201728.0 400576.0 1201728.0 1201728.0 20429376.0 0.746623276663
600864.0 300432.0 1101584.0 701008.0 1502160.0 2403456.0 1301872.0 1101584.0 2103024.0 1201728.0 600864.0 1101584.0 801152.0 801152.0 1201728.0 19628224.0 0.746623276663
801152.0 200288.0 1201728.0 701008.0 1602304.0 2403456.0 1201728.0 1201728.0 2103024.0 1201728.0 200288.0 1502160.0 200288.0 1402016.0 1001440.0 19427936.0 0.746623276663
2403456.0 1602304.0 3004320.0 5207488.0 1201728.0 2403456.0 1402016.0 1301872.0 1802592.0 1502160.0 600864.0 1802592.0 1602304.0 2804032.0 1402016.0 32847232.0 0.746623276663
1001440.0 600864.0 1502160.0 1602304.0 1201728.0 1902736.0 1402016.0 1201728.0 1702448.0 1101584.0 500720.0 2403456.0 1402016.0 3304752.0 1402016.0 25136144.0 0.746623276663
600864.0 1502160.0 2203168.0 1802592.0 1201728.0 2203168.0 1502160.0 1301872.0 1702448.0 1502160.0 500720.0 1902736.0 1602304.0 1502160.0 1702448.0 25937296.0 0.746623276663
500720.0 901296.0 2203168.0 901296.0 1502160.0 1802592.0 1502160.0 1201728.0 1902736.0 1101584.0 200288.0 2904176.0 1402016.0 2403456.0 1201728.0 24435136.0 0.746623276663
600864.0 901296.0 2103024.0 1402016.0 901296.0 1702448.0 2403456.0 1702448.0 2203168.0 8912816.0 1301872.0 2203168.0 1902736.0 2703888.0 1802592.0 35050400.0 0.746623276663
400576.0 801152.0 2002880.0 1602304.0 1001440.0 2103024.0 1702448.0 1201728.0 1902736.0 1602304.0 3805472.0 2403456.0 1101584.0 1502160.0 1402016.0 27439456.0 0.746623276663
600864.0 1702448.0 500720.0 1402016.0 901296.0 6509360.0 1602304.0 2503600.0 2103024.0 2503600.0 1402016.0 2303312.0 2103024.0 2002880.0 1602304.0 32847232.0 0.746623276663
901296.0 801152.0 1402016.0 1602304.0 1001440.0 2103024.0 1902736.0 1402016.0 6609504.0 3605184.0 1201728.0 2303312.0 1502160.0 1702448.0 1201728.0 31945936.0 0.746623276663
701008.0 1702448.0 701008.0 1101584.0 901296.0 2002880.0 1802592.0 1301872.0 2904176.0 2904176.0 1101584.0 3505040.0 1402016.0 1702448.0 1502160.0 28340752.0 0.746623276663
500720.0 901296.0 1301872.0 1702448.0 901296.0 2203168.0 2103024.0 701008.0 2203168.0 1902736.0 701008.0 2503600.0 1201728.0 1502160.0 1201728.0 24535280.0 0.746623276663
