1402016.0 1502160.0 1402016.0 1802592.0 2303312.0 3004320.0 1502160.0 2403456.0 801152.0 2103024.0 1201728.0 3104464.0 1001440.0 2203168.0 1301872.0 30744208.0 0.790753883775
1402016.0 1502160.0 2503600.0 1902736.0 2703888.0 2503600.0 1201728.0 3404896.0 1301872.0 1702448.0 1702448.0 4506480.0 1602304.0 4005760.0 1001440.0 36051840.0 0.790753883775
1402016.0 1502160.0 1502160.0 1502160.0 1602304.0 3404896.0 1301872.0 2703888.0 1201728.0 2002880.0 1201728.0 2503600.0 1502160.0 3605184.0 4105904.0 34850112.0 0.790753883775
1201728.0 1702448.0 1702448.0 1301872.0 1902736.0 3605184.0 1402016.0 2603744.0 1502160.0 3004320.0 1201728.0 2603744.0 1001440.0 1902736.0 2103024.0 32346512.0 0.790753883775
1602304.0 1702448.0 1502160.0 1902736.0 20930096.0 3304752.0 1902736.0 3304752.0 1402016.0 2103024.0 1301872.0 2403456.0 1301872.0 2203168.0 1902736.0 52375312.0 0.790753883775
1001440.0 1802592.0 1201728.0 1402016.0 1702448.0 3805472.0 1702448.0 2804032.0 901296.0 1902736.0 1702448.0 2203168.0 1301872.0 2203168.0 1402016.0 30644064.0 0.790753883775
1301872.0 1702448.0 1602304.0 7010080.0 2103024.0 2603744.0 1402016.0 2703888.0 1101584.0 2002880.0 1502160.0 5207488.0 1201728.0 2703888.0 801152.0 38755728.0 0.790753883775
1402016.0 1602304.0 1702448.0 1402016.0 1702448.0 5708208.0 1402016.0 2804032.0 1201728.0 1902736.0 1201728.0 2103024.0 1201728.0 8011520.0 7410656.0 43662784.0 0.790753883775
1402016.0 1602304.0 1402016.0 1702448.0 1802592.0 5107344.0 1001440.0 3104464.0 1201728.0 1902736.0 1602304.0 8412096.0 1001440.0 4005760.0 1201728.0 39657024.0 0.790753883775
1402016.0 1702448.0 5007200.0 1402016.0 2804032.0 6208928.0 1402016.0 3404896.0 1101584.0 2103024.0 1502160.0 5207488.0 901296.0 4806912.0 1001440.0 43162064.0 0.790753883775
2904176.0 1602304.0 3805472.0 1001440.0 3304752.0 4706768.0 801152.0 3204608.0 1301872.0 3104464.0 1201728.0 2804032.0 1201728.0 3505040.0 1001440.0 40257888.0 0.790753883775
1201728.0 1702448.0 1301872.0 2403456.0 3505040.0 5307632.0 701008.0 3304752.0 1201728.0 3104464.0 1101584.0 2703888.0 901296.0 7911376.0 701008.0 41059040.0 0.790753883775
1201728.0 1602304.0 2203168.0 1902736.0 1802592.0 4406336.0 801152.0 3004320.0 1201728.0 1802592.0 1402016.0 3705328.0 1101584.0 3705328.0 1201728.0 36352272.0 0.790753883775
1201728.0 1602304.0 1502160.0 2303312.0 1702448.0 4907056.0 1001440.0 3104464.0 1001440.0 2303312.0 1402016.0 2603744.0 1201728.0 5708208.0 1201728.0 36552560.0 0.790753883775
1201728.0 1802592.0 1802592.0 1502160.0 1502160.0 9213248.0 1001440.0 5808352.0 1101584.0 2002880.0 1502160.0 3104464.0 1201728.0 2203168.0 1301872.0 41259328.0 0.790753883775
1101584.0 1602304.0 1502160.0 1702448.0 1201728.0 4907056.0 1201728.0 3304752.0 901296.0 2203168.0 1402016.0 2403456.0 1201728.0 2603744.0 1101584.0 31745648.0 0.790753883775
1301872.0 1602304.0 1602304.0 2002880.0 1402016.0 4606624.0 901296.0 3104464.0 1101584.0 1802592.0 1402016.0 2904176.0 1101584.0 2603744.0 1101584.0 33147664.0 0.790753883775
1502160.0 1602304.0 1602304.0 3404896.0 1902736.0 3505040.0 1201728.0 3104464.0 1201728.0 1902736.0 1702448.0 8311952.0 1101584.0 5507920.0 901296.0 41259328.0 0.790753883775
1101584.0 1602304.0 1602304.0 1402016.0 1402016.0 4806912.0 1101584.0 2804032.0 1201728.0 1602304.0 1502160.0 4105904.0 1201728.0 4306192.0 901296.0 35651264.0 0.790753883775
1201728.0 1602304.0 2403456.0 4506480.0 1902736.0 2403456.0 901296.0 3104464.0 1001440.0 2103024.0 1402016.0 2603744.0 1201728.0 3304752.0 1001440.0 33948816.0 0.790753883775
2103024.0 3805472.0 1802592.0 2703888.0 2403456.0 3404896.0 1101584.0 2904176.0 1402016.0 1602304.0 1702448.0 3204608.0 1402016.0 2303312.0 1502160.0 38054720.0 0.790753883775
1502160.0 1702448.0 1402016.0 1802592.0 1502160.0 4306192.0 1301872.0 4105904.0 1001440.0 2303312.0 1702448.0 2603744.0 1201728.0 2303312.0 1201728.0 34048960.0 0.790753883775
2403456.0 1602304.0 3004320.0 5207488.0 1201728.0 2403456.0 1402016.0 1301872.0 1802592.0 1502160.0 600864.0 1802592.0 1602304.0 2804032.0 1402016.0 32847232.0 0.790753883775
1001440.0 600864.0 1502160.0 1602304.0 1201728.0 1902736.0 1402016.0 1201728.0 1702448.0 1101584.0 500720.0 2403456.0 1402016.0 3304752.0 1402016.0 25136144.0 0.790753883775
600864.0 1502160.0 2203168.0 1802592.0 1201728.0 2203168.0 1502160.0 1301872.0 1702448.0 1502160.0 500720.0 1902736.0 1602304.0 1502160.0 1702448.0 25937296.0 0.790753883775
500720.0 901296.0 2203168.0 901296.0 1502160.0 1802592.0 1502160.0 1201728.0 1902736.0 1101584.0 200288.0 2904176.0 1402016.0 2403456.0 1201728.0 24435136.0 0.790753883775
600864.0 901296.0 2103024.0 1402016.0 901296.0 1702448.0 2403456.0 1702448.0 2203168.0 8912816.0 1301872.0 2203168.0 1902736.0 2703888.0 1802592.0 35050400.0 0.790753883775
400576.0 801152.0 2002880.0 1602304.0 1001440.0 2103024.0 1702448.0 1201728.0 1902736.0 1602304.0 3805472.0 2403456.0 1101584.0 1502160.0 1402016.0 27439456.0 0.790753883775
600864.0 1702448.0 500720.0 1402016.0 901296.0 6509360.0 1602304.0 2503600.0 2103024.0 2503600.0 1402016.0 2303312.0 2103024.0 2002880.0 1602304.0 32847232.0 0.790753883775
901296.0 801152.0 1402016.0 1602304.0 1001440.0 2103024.0 1902736.0 1402016.0 6609504.0 3605184.0 1201728.0 2303312.0 1502160.0 1702448.0 1201728.0 31945936.0 0.790753883775
701008.0 1702448.0 701008.0 1101584.0 901296.0 2002880.0 1802592.0 1301872.0 2904176.0 2904176.0 1101584.0 3505040.0 1402016.0 1702448.0 1502160.0 28340752.0 0.790753883775
500720.0 901296.0 1301872.0 1702448.0 901296.0 2203168.0 2103024.0 701008.0 2203168.0 1902736.0 701008.0 2503600.0 1201728.0 1502160.0 1201728.0 24535280.0 0.790753883775
