2403456.0 3304752.0 1201728.0 1602304.0 1201728.0 2804032.0 1201728.0 2203168.0 901296.0 1902736.0 701008.0 2203168.0 1402016.0 1402016.0 1602304.0 29442336.0 0.69550042757
1902736.0 701008.0 1502160.0 1602304.0 1201728.0 3204608.0 1201728.0 2503600.0 1101584.0 2303312.0 1201728.0 2403456.0 1301872.0 1702448.0 1502160.0 28941616.0 0.69550042757
1902736.0 901296.0 701008.0 1702448.0 1201728.0 3505040.0 901296.0 2203168.0 1201728.0 1702448.0 400576.0 2403456.0 1902736.0 2403456.0 1602304.0 28240608.0 0.69550042757
2103024.0 701008.0 1402016.0 1101584.0 1602304.0 2703888.0 1602304.0 3204608.0 1502160.0 1902736.0 701008.0 2603744.0 2103024.0 1802592.0 1602304.0 30143344.0 0.69550042757
2103024.0 1201728.0 1001440.0 1301872.0 1201728.0 3104464.0 1201728.0 2103024.0 1201728.0 1201728.0 701008.0 2103024.0 1702448.0 1702448.0 1402016.0 26237728.0 0.69550042757
2103024.0 901296.0 2203168.0 2203168.0 1802592.0 2603744.0 1502160.0 2103024.0 1101584.0 1702448.0 600864.0 2002880.0 2002880.0 1902736.0 1902736.0 29642624.0 0.69550042757
2203168.0 901296.0 1502160.0 1802592.0 6609504.0 2403456.0 1502160.0 2303312.0 1201728.0 8812672.0 2103024.0 1902736.0 1402016.0 1402016.0 1502160.0 40858752.0 0.69550042757
2103024.0 801152.0 1201728.0 1902736.0 1902736.0 4606624.0 1902736.0 2603744.0 1301872.0 2503600.0 4606624.0 3905616.0 2103024.0 2603744.0 1201728.0 38455296.0 0.69550042757
1902736.0 901296.0 1201728.0 1502160.0 1602304.0 3304752.0 1402016.0 2703888.0 1101584.0 1902736.0 701008.0 2904176.0 2103024.0 1902736.0 1702448.0 30343632.0 0.69550042757
2103024.0 600864.0 1201728.0 1502160.0 3605184.0 1802592.0 1702448.0 2804032.0 1201728.0 2403456.0 600864.0 2403456.0 1802592.0 1502160.0 1301872.0 29542480.0 0.69550042757
2103024.0 901296.0 1802592.0 2002880.0 1301872.0 2603744.0 1602304.0 2303312.0 1201728.0 1502160.0 600864.0 2002880.0 1702448.0 1502160.0 1301872.0 28440896.0 0.69550042757
1802592.0 1001440.0 901296.0 2904176.0 1602304.0 5307632.0 1602304.0 2403456.0 901296.0 1702448.0 801152.0 2203168.0 1702448.0 1502160.0 1402016.0 30744208.0 0.69550042757
2002880.0 600864.0 1502160.0 1702448.0 1402016.0 2603744.0 1502160.0 2603744.0 1001440.0 1702448.0 600864.0 2203168.0 1402016.0 1802592.0 1301872.0 31144784.0 0.69550042757
2103024.0 801152.0 901296.0 1902736.0 7110224.0 1602304.0 1702448.0 2103024.0 1001440.0 1602304.0 701008.0 2203168.0 1402016.0 1402016.0 1201728.0 31845792.0 0.69550042757
2103024.0 801152.0 1101584.0 1402016.0 2303312.0 1902736.0 1201728.0 2403456.0 901296.0 1702448.0 3705328.0 2603744.0 1201728.0 1602304.0 1101584.0 29342192.0 0.69550042757
2103024.0 801152.0 1101584.0 2904176.0 1902736.0 2002880.0 801152.0 2804032.0 1001440.0 1902736.0 901296.0 2603744.0 1902736.0 1502160.0 1101584.0 28941616.0 0.69550042757
2103024.0 801152.0 1101584.0 1802592.0 2002880.0 1902736.0 1301872.0 2403456.0 801152.0 1702448.0 1201728.0 2804032.0 1402016.0 1802592.0 1101584.0 27639744.0 0.69550042757
2403456.0 500720.0 1201728.0 1702448.0 1802592.0 1702448.0 1201728.0 2603744.0 400576.0 2904176.0 1702448.0 1902736.0 901296.0 1402016.0 1201728.0 27639744.0 0.69550042757
1902736.0 901296.0 1001440.0 1802592.0 1502160.0 2403456.0 1602304.0 13920016.0 1702448.0 3004320.0 4406336.0 2303312.0 1402016.0 1301872.0 1402016.0 44163504.0 0.69550042757
2804032.0 200288.0 1702448.0 2203168.0 1802592.0 1902736.0 1201728.0 2703888.0 801152.0 1502160.0 701008.0 2403456.0 1402016.0 1402016.0 1201728.0 27239168.0 0.69550042757
2103024.0 1001440.0 901296.0 2002880.0 1802592.0 2002880.0 3605184.0 2503600.0 3004320.0 4105904.0 701008.0 2403456.0 1402016.0 1301872.0 1301872.0 33848672.0 0.69550042757
2203168.0 3304752.0 1201728.0 1402016.0 2403456.0 1702448.0 4706768.0 2603744.0 1402016.0 3304752.0 1001440.0 2303312.0 1001440.0 1402016.0 1201728.0 34249248.0 0.69550042757
1902736.0 701008.0 1001440.0 1602304.0 1001440.0 2103024.0 1201728.0 2603744.0 1201728.0 2403456.0 600864.0 2703888.0 1402016.0 1201728.0 1502160.0 30143344.0 0.69550042757
2103024.0 2203168.0 1402016.0 2804032.0 1201728.0 2203168.0 1201728.0 1802592.0 701008.0 1702448.0 701008.0 5007200.0 1201728.0 1402016.0 1201728.0 30343632.0 0.69550042757
2103024.0 701008.0 1101584.0 1502160.0 2403456.0 1802592.0 1702448.0 3204608.0 1201728.0 2303312.0 801152.0 2103024.0 1301872.0 1402016.0 1402016.0 27940176.0 0.69550042757
2403456.0 701008.0 1402016.0 1402016.0 1201728.0 2603744.0 1402016.0 2403456.0 901296.0 1702448.0 701008.0 2603744.0 1001440.0 1402016.0 1402016.0 26638304.0 0.69550042757
1902736.0 701008.0 1502160.0 1502160.0 2303312.0 1602304.0 2002880.0 2703888.0 1101584.0 1702448.0 801152.0 5608064.0 1502160.0 1702448.0 1402016.0 31244928.0 0.69550042757
1902736.0 500720.0 1402016.0 1402016.0 3104464.0 1602304.0 2403456.0 3304752.0 1902736.0 2804032.0 9413536.0 2503600.0 901296.0 1201728.0 1402016.0 38956016.0 0.69550042757
2303312.0 701008.0 701008.0 2002880.0 2103024.0 1402016.0 2002880.0 3004320.0 1101584.0 1802592.0 2303312.0 2603744.0 801152.0 1402016.0 1301872.0 28641184.0 0.69550042757
2103024.0 701008.0 901296.0 1702448.0 2403456.0 1802592.0 1502160.0 2603744.0 1201728.0 1902736.0 901296.0 2403456.0 2203168.0 1301872.0 1702448.0 28741328.0 0.69550042757
2403456.0 1101584.0 500720.0 2002880.0 2603744.0 2203168.0 2303312.0 3104464.0 1201728.0 1802592.0 400576.0 2303312.0 1301872.0 1301872.0 1301872.0 29041760.0 0.69550042757
2103024.0 701008.0 701008.0 2002880.0 2303312.0 2403456.0 1402016.0 2603744.0 701008.0 1702448.0 901296.0 2203168.0 1602304.0 1201728.0 1402016.0 27339312.0 0.69550042757
2303312.0 801152.0 1201728.0 1402016.0 3004320.0 2203168.0 1402016.0 2403456.0 801152.0 1802592.0 901296.0 2303312.0 1802592.0 1301872.0 1301872.0 28040320.0 0.69550042757
1902736.0 901296.0 400576.0 2203168.0 2403456.0 1802592.0 1201728.0 2703888.0 701008.0 1602304.0 701008.0 2203168.0 1602304.0 1502160.0 1101584.0 26037440.0 0.69550042757
2403456.0 1602304.0 3004320.0 5207488.0 1201728.0 2403456.0 1402016.0 1301872.0 1802592.0 1502160.0 600864.0 1802592.0 1602304.0 2804032.0 1402016.0 32847232.0 0.69550042757
1001440.0 600864.0 1502160.0 1602304.0 1201728.0 1902736.0 1402016.0 1201728.0 1702448.0 1101584.0 500720.0 2403456.0 1402016.0 3304752.0 1402016.0 25136144.0 0.69550042757
600864.0 1502160.0 2203168.0 1802592.0 1201728.0 2203168.0 1502160.0 1301872.0 1702448.0 1502160.0 500720.0 1902736.0 1602304.0 1502160.0 1702448.0 25937296.0 0.69550042757
500720.0 901296.0 2203168.0 901296.0 1502160.0 1802592.0 1502160.0 1201728.0 1902736.0 1101584.0 200288.0 2904176.0 1402016.0 2403456.0 1201728.0 24435136.0 0.69550042757
600864.0 901296.0 2103024.0 1402016.0 901296.0 1702448.0 2403456.0 1702448.0 2203168.0 8912816.0 1301872.0 2203168.0 1902736.0 2703888.0 1802592.0 35050400.0 0.69550042757
400576.0 801152.0 2002880.0 1602304.0 1001440.0 2103024.0 1702448.0 1201728.0 1902736.0 1602304.0 3805472.0 2403456.0 1101584.0 1502160.0 1402016.0 27439456.0 0.69550042757
600864.0 1702448.0 500720.0 1402016.0 901296.0 6509360.0 1602304.0 2503600.0 2103024.0 2503600.0 1402016.0 2303312.0 2103024.0 2002880.0 1602304.0 32847232.0 0.69550042757
901296.0 801152.0 1402016.0 1602304.0 1001440.0 2103024.0 1902736.0 1402016.0 6609504.0 3605184.0 1201728.0 2303312.0 1502160.0 1702448.0 1201728.0 31945936.0 0.69550042757
701008.0 1702448.0 701008.0 1101584.0 901296.0 2002880.0 1802592.0 1301872.0 2904176.0 2904176.0 1101584.0 3505040.0 1402016.0 1702448.0 1502160.0 28340752.0 0.69550042757
500720.0 901296.0 1301872.0 1702448.0 901296.0 2203168.0 2103024.0 701008.0 2203168.0 1902736.0 701008.0 2503600.0 1201728.0 1502160.0 1201728.0 24535280.0 0.69550042757
