2403456.0 1402016.0 2904176.0 2403456.0 1301872.0 6709648.0 901296.0 2403456.0 1902736.0 1101584.0 1502160.0 1402016.0 1702448.0 1402016.0 1602304.0 36151984.0 0.770125008245
2303312.0 1502160.0 3204608.0 3404896.0 1802592.0 3204608.0 1402016.0 2503600.0 1902736.0 2503600.0 1902736.0 10014400.0 1301872.0 1702448.0 2103024.0 49370992.0 0.770125008245
2403456.0 1201728.0 3104464.0 2103024.0 1001440.0 1702448.0 1201728.0 2002880.0 1201728.0 1201728.0 1502160.0 1201728.0 4206048.0 1402016.0 2303312.0 32546800.0 0.770125008245
1902736.0 1502160.0 3204608.0 2403456.0 2103024.0 1902736.0 1301872.0 1802592.0 1602304.0 1702448.0 2203168.0 1301872.0 1802592.0 1502160.0 1802592.0 35150544.0 0.770125008245
1802592.0 1502160.0 2403456.0 1902736.0 1101584.0 1702448.0 701008.0 2103024.0 1001440.0 1602304.0 1902736.0 1001440.0 2603744.0 1402016.0 1602304.0 28741328.0 0.770125008245
2002880.0 1201728.0 2203168.0 2203168.0 1702448.0 1902736.0 1001440.0 2403456.0 1502160.0 1502160.0 1502160.0 1101584.0 901296.0 1402016.0 1802592.0 31144784.0 0.770125008245
2002880.0 1201728.0 1902736.0 1802592.0 4105904.0 6409216.0 901296.0 2203168.0 901296.0 1402016.0 1201728.0 1201728.0 1201728.0 1402016.0 1402016.0 33347952.0 0.770125008245
2103024.0 1402016.0 4206048.0 1502160.0 2303312.0 3104464.0 701008.0 2203168.0 2103024.0 1402016.0 1301872.0 1201728.0 1402016.0 1502160.0 1702448.0 35150544.0 0.770125008245
1902736.0 1201728.0 1902736.0 1402016.0 1502160.0 1301872.0 1201728.0 2203168.0 1201728.0 1602304.0 1201728.0 1402016.0 1001440.0 1402016.0 1902736.0 26538160.0 0.770125008245
1802592.0 1001440.0 2603744.0 2103024.0 1201728.0 1502160.0 1201728.0 2103024.0 1602304.0 1301872.0 1301872.0 1301872.0 1101584.0 1301872.0 1702448.0 44463936.0 0.770125008245
2203168.0 10214688.0 5908496.0 1502160.0 1301872.0 1902736.0 1702448.0 2203168.0 1602304.0 1402016.0 1402016.0 1201728.0 1201728.0 1402016.0 1702448.0 44664224.0 0.770125008245
1902736.0 1702448.0 3204608.0 1802592.0 1602304.0 2303312.0 1702448.0 2503600.0 1702448.0 1602304.0 1702448.0 1001440.0 1201728.0 1502160.0 1402016.0 34449536.0 0.770125008245
2203168.0 2303312.0 2603744.0 1902736.0 1402016.0 2904176.0 1201728.0 2002880.0 801152.0 1602304.0 1201728.0 1201728.0 1001440.0 1402016.0 1201728.0 31244928.0 0.770125008245
6108784.0 801152.0 4105904.0 2002880.0 1301872.0 1301872.0 1101584.0 2503600.0 1101584.0 1902736.0 1702448.0 701008.0 1201728.0 1201728.0 1402016.0 35450976.0 0.770125008245
1802592.0 1201728.0 2703888.0 1802592.0 1001440.0 1602304.0 1001440.0 2203168.0 1101584.0 1402016.0 1802592.0 1301872.0 2804032.0 1201728.0 1502160.0 28941616.0 0.770125008245
1902736.0 901296.0 2403456.0 2002880.0 1702448.0 2103024.0 1201728.0 2603744.0 1702448.0 1902736.0 4606624.0 500720.0 1802592.0 3204608.0 1301872.0 34249248.0 0.770125008245
2103024.0 901296.0 2703888.0 2103024.0 901296.0 1702448.0 1402016.0 2203168.0 1301872.0 2703888.0 1402016.0 1201728.0 901296.0 1602304.0 1201728.0 28741328.0 0.770125008245
2203168.0 1402016.0 2203168.0 1702448.0 1502160.0 2203168.0 500720.0 2203168.0 1502160.0 1802592.0 2103024.0 600864.0 2203168.0 1902736.0 1602304.0 30543920.0 0.770125008245
2103024.0 1201728.0 3104464.0 2103024.0 1902736.0 2403456.0 701008.0 2103024.0 1001440.0 1902736.0 1602304.0 1001440.0 1402016.0 1402016.0 1201728.0 29943056.0 0.770125008245
2103024.0 901296.0 2203168.0 1902736.0 1001440.0 3204608.0 901296.0 2103024.0 1101584.0 1702448.0 1101584.0 1201728.0 1001440.0 1502160.0 1402016.0 28140464.0 0.770125008245
2002880.0 1402016.0 1902736.0 1802592.0 1201728.0 2002880.0 1602304.0 4306192.0 1602304.0 1502160.0 1402016.0 1101584.0 1201728.0 1502160.0 1201728.0 29442336.0 0.770125008245
2103024.0 1201728.0 1902736.0 2303312.0 1201728.0 3004320.0 1101584.0 2603744.0 1902736.0 1402016.0 1602304.0 1001440.0 1201728.0 1502160.0 1502160.0 32947376.0 0.770125008245
2403456.0 1201728.0 2603744.0 2103024.0 1201728.0 1702448.0 1802592.0 1702448.0 701008.0 1702448.0 1201728.0 1101584.0 1502160.0 1902736.0 1402016.0 28541040.0 0.770125008245
2203168.0 1802592.0 2303312.0 1902736.0 1402016.0 1602304.0 1402016.0 6609504.0 3304752.0 1702448.0 1802592.0 801152.0 1602304.0 2103024.0 1502160.0 39657024.0 0.770125008245
2103024.0 2203168.0 4506480.0 4706768.0 1902736.0 5007200.0 1101584.0 2203168.0 1201728.0 1201728.0 1402016.0 1101584.0 1201728.0 1502160.0 1702448.0 37453856.0 0.770125008245
1902736.0 1402016.0 4506480.0 2703888.0 2303312.0 2203168.0 600864.0 3104464.0 3505040.0 1301872.0 1802592.0 1001440.0 1402016.0 1502160.0 1502160.0 36652704.0 0.770125008245
2002880.0 901296.0 2303312.0 2904176.0 1702448.0 3304752.0 1201728.0 1902736.0 1201728.0 1301872.0 1201728.0 1201728.0 1201728.0 1502160.0 1902736.0 29943056.0 0.770125008245
2103024.0 1201728.0 3404896.0 2203168.0 1201728.0 2002880.0 1301872.0 2904176.0 1301872.0 2002880.0 1502160.0 1301872.0 1402016.0 1502160.0 1902736.0 32446656.0 0.770125008245
1702448.0 1001440.0 1902736.0 1402016.0 2703888.0 1301872.0 1001440.0 2303312.0 1001440.0 1602304.0 4005760.0 1702448.0 1402016.0 1502160.0 1702448.0 30443776.0 0.770125008245
2103024.0 1001440.0 2103024.0 1502160.0 1502160.0 3905616.0 1001440.0 2503600.0 1602304.0 1301872.0 1502160.0 1402016.0 2403456.0 2002880.0 1902736.0 32646944.0 0.770125008245
1602304.0 1001440.0 1902736.0 1602304.0 1201728.0 1502160.0 1402016.0 2103024.0 1402016.0 1702448.0 1702448.0 1101584.0 1001440.0 1402016.0 1201728.0 25837152.0 0.770125008245
2103024.0 1201728.0 3304752.0 2203168.0 1402016.0 2403456.0 1301872.0 2303312.0 1301872.0 2503600.0 1402016.0 1602304.0 901296.0 1802592.0 1502160.0 32646944.0 0.770125008245
1902736.0 1201728.0 2804032.0 1902736.0 901296.0 1502160.0 1402016.0 2203168.0 1201728.0 1301872.0 1702448.0 1201728.0 1201728.0 1301872.0 1201728.0 27038880.0 0.770125008245
2203168.0 1001440.0 2904176.0 2203168.0 1802592.0 1702448.0 1402016.0 2303312.0 1201728.0 1902736.0 1201728.0 2002880.0 801152.0 1602304.0 1201728.0 30243488.0 0.770125008245
2403456.0 1602304.0 3004320.0 5207488.0 1201728.0 2403456.0 1402016.0 1301872.0 1802592.0 1502160.0 600864.0 1802592.0 1602304.0 2804032.0 1402016.0 32847232.0 0.770125008245
1001440.0 600864.0 1502160.0 1602304.0 1201728.0 1902736.0 1402016.0 1201728.0 1702448.0 1101584.0 500720.0 2403456.0 1402016.0 3304752.0 1402016.0 25136144.0 0.770125008245
600864.0 1502160.0 2203168.0 1802592.0 1201728.0 2203168.0 1502160.0 1301872.0 1702448.0 1502160.0 500720.0 1902736.0 1602304.0 1502160.0 1702448.0 25937296.0 0.770125008245
500720.0 901296.0 2203168.0 901296.0 1502160.0 1802592.0 1502160.0 1201728.0 1902736.0 1101584.0 200288.0 2904176.0 1402016.0 2403456.0 1201728.0 24435136.0 0.770125008245
600864.0 901296.0 2103024.0 1402016.0 901296.0 1702448.0 2403456.0 1702448.0 2203168.0 8912816.0 1301872.0 2203168.0 1902736.0 2703888.0 1802592.0 35050400.0 0.770125008245
400576.0 801152.0 2002880.0 1602304.0 1001440.0 2103024.0 1702448.0 1201728.0 1902736.0 1602304.0 3805472.0 2403456.0 1101584.0 1502160.0 1402016.0 27439456.0 0.770125008245
600864.0 1702448.0 500720.0 1402016.0 901296.0 6509360.0 1602304.0 2503600.0 2103024.0 2503600.0 1402016.0 2303312.0 2103024.0 2002880.0 1602304.0 32847232.0 0.770125008245
901296.0 801152.0 1402016.0 1602304.0 1001440.0 2103024.0 1902736.0 1402016.0 6609504.0 3605184.0 1201728.0 2303312.0 1502160.0 1702448.0 1201728.0 31945936.0 0.770125008245
701008.0 1702448.0 701008.0 1101584.0 901296.0 2002880.0 1802592.0 1301872.0 2904176.0 2904176.0 1101584.0 3505040.0 1402016.0 1702448.0 1502160.0 28340752.0 0.770125008245
500720.0 901296.0 1301872.0 1702448.0 901296.0 2203168.0 2103024.0 701008.0 2203168.0 1902736.0 701008.0 2503600.0 1201728.0 1502160.0 1201728.0 24535280.0 0.770125008245
