1802592.0 1502160.0 1902736.0 1802592.0 1301872.0 1802592.0 1201728.0 2103024.0 1502160.0 2002880.0 400576.0 2303312.0 1301872.0 901296.0 2403456.0 27239168.0 0.785441097658
1502160.0 2103024.0 1902736.0 3605184.0 1201728.0 1802592.0 1201728.0 2603744.0 1201728.0 1902736.0 701008.0 2103024.0 1001440.0 1201728.0 2303312.0 28941616.0 0.785441097658
2002880.0 1702448.0 2804032.0 1902736.0 1402016.0 2303312.0 2103024.0 2904176.0 2203168.0 2603744.0 801152.0 2804032.0 1301872.0 1101584.0 3204608.0 35551120.0 0.785441097658
500720.0 1902736.0 3204608.0 1301872.0 901296.0 1502160.0 1402016.0 2403456.0 1602304.0 1902736.0 701008.0 2203168.0 1101584.0 1201728.0 2603744.0 27339312.0 0.785441097658
400576.0 4506480.0 1602304.0 1802592.0 1402016.0 1802592.0 1201728.0 2403456.0 1802592.0 1802592.0 1001440.0 2002880.0 1101584.0 1101584.0 2203168.0 28941616.0 0.785441097658
500720.0 2103024.0 2603744.0 2603744.0 1502160.0 1602304.0 1402016.0 2403456.0 1702448.0 2503600.0 701008.0 3204608.0 1301872.0 1902736.0 2403456.0 30844352.0 0.785441097658
2103024.0 1602304.0 1702448.0 1902736.0 1301872.0 1902736.0 1101584.0 2403456.0 1602304.0 2002880.0 901296.0 2703888.0 1101584.0 1001440.0 2002880.0 28240608.0 0.785441097658
2002880.0 1502160.0 1402016.0 1702448.0 1001440.0 1201728.0 1101584.0 2603744.0 1001440.0 1702448.0 701008.0 1802592.0 1001440.0 701008.0 2403456.0 24134704.0 0.785441097658
2103024.0 1502160.0 1602304.0 1702448.0 1001440.0 1802592.0 1201728.0 2303312.0 5207488.0 2203168.0 901296.0 2002880.0 1201728.0 6909936.0 2603744.0 36852992.0 0.785441097658
2103024.0 1201728.0 1702448.0 1802592.0 1201728.0 1702448.0 1201728.0 2603744.0 1201728.0 2603744.0 500720.0 2403456.0 901296.0 901296.0 1902736.0 26337872.0 0.785441097658
701008.0 2403456.0 2603744.0 2203168.0 901296.0 4706768.0 1902736.0 3104464.0 2303312.0 2303312.0 801152.0 17825632.0 1301872.0 6108784.0 2703888.0 55479776.0 0.785441097658
901296.0 2503600.0 4706768.0 2904176.0 1101584.0 2904176.0 1201728.0 2804032.0 1602304.0 2203168.0 701008.0 2403456.0 1201728.0 4005760.0 1602304.0 36352272.0 0.785441097658
2002880.0 1902736.0 2103024.0 2303312.0 1101584.0 4406336.0 1702448.0 3304752.0 2103024.0 3204608.0 1001440.0 2603744.0 1602304.0 3004320.0 2002880.0 37654144.0 0.785441097658
1001440.0 2503600.0 2203168.0 1902736.0 1602304.0 2804032.0 801152.0 2403456.0 1301872.0 1201728.0 1001440.0 1902736.0 1001440.0 1301872.0 2203168.0 27739888.0 0.785441097658
2103024.0 1602304.0 2103024.0 2203168.0 901296.0 2703888.0 1602304.0 2703888.0 1602304.0 2103024.0 600864.0 2103024.0 1201728.0 3304752.0 2804032.0 32947376.0 0.785441097658
1702448.0 1502160.0 1802592.0 1902736.0 2203168.0 6108784.0 1201728.0 2603744.0 1201728.0 1602304.0 801152.0 2103024.0 400576.0 2203168.0 1402016.0 31645504.0 0.785441097658
2002880.0 1802592.0 1602304.0 2002880.0 1001440.0 2403456.0 1101584.0 2403456.0 1602304.0 1502160.0 801152.0 3204608.0 1602304.0 2403456.0 3104464.0 31445216.0 0.785441097658
1802592.0 1702448.0 1001440.0 1902736.0 901296.0 1602304.0 1001440.0 2403456.0 1201728.0 1802592.0 701008.0 2403456.0 4706768.0 2203168.0 2603744.0 30243488.0 0.785441097658
2203168.0 1702448.0 1902736.0 1502160.0 1301872.0 1802592.0 6609504.0 3505040.0 1902736.0 1902736.0 600864.0 2804032.0 1301872.0 901296.0 2503600.0 35150544.0 0.785441097658
1902736.0 1502160.0 1301872.0 2203168.0 1201728.0 1902736.0 1201728.0 2403456.0 1402016.0 2103024.0 500720.0 2303312.0 1502160.0 1902736.0 2103024.0 28040320.0 0.785441097658
2203168.0 1702448.0 1602304.0 1702448.0 4706768.0 1602304.0 1502160.0 2503600.0 1802592.0 1602304.0 801152.0 2203168.0 2002880.0 901296.0 2804032.0 32146224.0 0.785441097658
1702448.0 1602304.0 1502160.0 2303312.0 1001440.0 2103024.0 1201728.0 3104464.0 1402016.0 1702448.0 701008.0 7811232.0 1602304.0 1201728.0 2403456.0 33748528.0 0.785441097658
2403456.0 1602304.0 3004320.0 5207488.0 1201728.0 2403456.0 1402016.0 1301872.0 1802592.0 1502160.0 600864.0 1802592.0 1602304.0 2804032.0 1402016.0 32847232.0 0.785441097658
1001440.0 600864.0 1502160.0 1602304.0 1201728.0 1902736.0 1402016.0 1201728.0 1702448.0 1101584.0 500720.0 2403456.0 1402016.0 3304752.0 1402016.0 25136144.0 0.785441097658
600864.0 1502160.0 2203168.0 1802592.0 1201728.0 2203168.0 1502160.0 1301872.0 1702448.0 1502160.0 500720.0 1902736.0 1602304.0 1502160.0 1702448.0 25937296.0 0.785441097658
500720.0 901296.0 2203168.0 901296.0 1502160.0 1802592.0 1502160.0 1201728.0 1902736.0 1101584.0 200288.0 2904176.0 1402016.0 2403456.0 1201728.0 24435136.0 0.785441097658
600864.0 901296.0 2103024.0 1402016.0 901296.0 1702448.0 2403456.0 1702448.0 2203168.0 8912816.0 1301872.0 2203168.0 1902736.0 2703888.0 1802592.0 35050400.0 0.785441097658
400576.0 801152.0 2002880.0 1602304.0 1001440.0 2103024.0 1702448.0 1201728.0 1902736.0 1602304.0 3805472.0 2403456.0 1101584.0 1502160.0 1402016.0 27439456.0 0.785441097658
600864.0 1702448.0 500720.0 1402016.0 901296.0 6509360.0 1602304.0 2503600.0 2103024.0 2503600.0 1402016.0 2303312.0 2103024.0 2002880.0 1602304.0 32847232.0 0.785441097658
901296.0 801152.0 1402016.0 1602304.0 1001440.0 2103024.0 1902736.0 1402016.0 6609504.0 3605184.0 1201728.0 2303312.0 1502160.0 1702448.0 1201728.0 31945936.0 0.785441097658
701008.0 1702448.0 701008.0 1101584.0 901296.0 2002880.0 1802592.0 1301872.0 2904176.0 2904176.0 1101584.0 3505040.0 1402016.0 1702448.0 1502160.0 28340752.0 0.785441097658
500720.0 901296.0 1301872.0 1702448.0 901296.0 2203168.0 2103024.0 701008.0 2203168.0 1902736.0 701008.0 2503600.0 1201728.0 1502160.0 1201728.0 24535280.0 0.785441097658
