2103024.0 2103024.0 1402016.0 1502160.0 1101584.0 2403456.0 1301872.0 2703888.0 1802592.0 1001440.0 2002880.0 2203168.0 1301872.0 1502160.0 1702448.0 28841472.0 0.733370679573
2203168.0 1902736.0 1201728.0 1301872.0 801152.0 3104464.0 701008.0 2503600.0 1702448.0 1201728.0 2403456.0 2804032.0 1702448.0 1402016.0 2603744.0 30844352.0 0.733370679573
2503600.0 2002880.0 1502160.0 1301872.0 901296.0 2503600.0 801152.0 2603744.0 1702448.0 1101584.0 2403456.0 4105904.0 2002880.0 1802592.0 1602304.0 31545360.0 0.733370679573
2403456.0 1902736.0 901296.0 1402016.0 701008.0 2403456.0 1001440.0 2603744.0 2103024.0 3505040.0 2403456.0 3404896.0 2103024.0 6208928.0 200288.0 33648384.0 0.733370679573
2103024.0 1902736.0 1201728.0 1001440.0 801152.0 2203168.0 500720.0 2804032.0 2002880.0 1301872.0 2203168.0 2403456.0 1602304.0 1402016.0 2203168.0 28440896.0 0.733370679573
2203168.0 1902736.0 1201728.0 1301872.0 1001440.0 2403456.0 3304752.0 2603744.0 1702448.0 1201728.0 2103024.0 2403456.0 701008.0 2103024.0 1602304.0 30443776.0 0.733370679573
2203168.0 2103024.0 1301872.0 1101584.0 901296.0 2203168.0 801152.0 2503600.0 1702448.0 901296.0 2203168.0 2103024.0 1402016.0 1602304.0 1502160.0 27239168.0 0.733370679573
2303312.0 2002880.0 1201728.0 1201728.0 901296.0 2603744.0 701008.0 2904176.0 1402016.0 1402016.0 2403456.0 2804032.0 1602304.0 1502160.0 2603744.0 30143344.0 0.733370679573
2203168.0 2002880.0 901296.0 1301872.0 600864.0 2103024.0 901296.0 2403456.0 1602304.0 1101584.0 2303312.0 2303312.0 1402016.0 1802592.0 2002880.0 27940176.0 0.733370679573
2103024.0 1902736.0 1502160.0 901296.0 901296.0 2203168.0 701008.0 2904176.0 1101584.0 1402016.0 2203168.0 4005760.0 2403456.0 2103024.0 2103024.0 31044640.0 0.733370679573
2203168.0 2002880.0 1502160.0 1702448.0 1301872.0 3404896.0 1602304.0 2904176.0 2203168.0 1802592.0 2403456.0 2904176.0 2002880.0 2103024.0 2403456.0 35250688.0 0.733370679573
2603744.0 2103024.0 1702448.0 3104464.0 1301872.0 2403456.0 1001440.0 2603744.0 1402016.0 1201728.0 2403456.0 2103024.0 1602304.0 1702448.0 1502160.0 31345072.0 0.733370679573
2303312.0 1902736.0 1402016.0 1001440.0 901296.0 3004320.0 500720.0 5708208.0 0.0 0.0 1802592.0 2804032.0 2303312.0 2503600.0 2303312.0 31144784.0 0.733370679573
2804032.0 1902736.0 1702448.0 801152.0 1001440.0 3104464.0 1001440.0 2303312.0 1902736.0 1402016.0 2203168.0 3304752.0 5608064.0 2403456.0 2403456.0 36452416.0 0.733370679573
2002880.0 1902736.0 1201728.0 1301872.0 801152.0 3004320.0 701008.0 2603744.0 1602304.0 1001440.0 2103024.0 2703888.0 3505040.0 2603744.0 1802592.0 31244928.0 0.733370679573
2103024.0 1802592.0 1201728.0 1201728.0 801152.0 2603744.0 701008.0 2303312.0 1702448.0 1001440.0 2103024.0 2103024.0 1702448.0 1702448.0 1802592.0 27439456.0 0.733370679573
2203168.0 4606624.0 1702448.0 1301872.0 1001440.0 2403456.0 901296.0 2603744.0 1301872.0 1101584.0 2002880.0 2303312.0 1502160.0 1602304.0 1402016.0 30644064.0 0.733370679573
2203168.0 1902736.0 1402016.0 1402016.0 1101584.0 2002880.0 1001440.0 2503600.0 1502160.0 901296.0 2203168.0 5908496.0 2403456.0 2103024.0 1402016.0 32346512.0 0.733370679573
2002880.0 1902736.0 1301872.0 1101584.0 1001440.0 3404896.0 701008.0 2303312.0 1602304.0 1101584.0 2103024.0 2303312.0 1602304.0 1402016.0 1802592.0 28040320.0 0.733370679573
2103024.0 1902736.0 1402016.0 1502160.0 1201728.0 2002880.0 801152.0 2603744.0 1702448.0 901296.0 2103024.0 3404896.0 1602304.0 1602304.0 1702448.0 29242048.0 0.733370679573
2303312.0 1902736.0 1201728.0 1201728.0 1101584.0 2203168.0 1101584.0 2603744.0 1502160.0 1201728.0 2103024.0 2103024.0 1602304.0 1201728.0 1502160.0 27038880.0 0.733370679573
2103024.0 1902736.0 1402016.0 1001440.0 1201728.0 2103024.0 701008.0 2603744.0 1402016.0 1201728.0 2103024.0 2403456.0 1402016.0 1502160.0 1301872.0 26738448.0 0.733370679573
2403456.0 1602304.0 3004320.0 5207488.0 1201728.0 2403456.0 1402016.0 1301872.0 1802592.0 1502160.0 600864.0 1802592.0 1602304.0 2804032.0 1402016.0 32847232.0 0.733370679573
1001440.0 600864.0 1502160.0 1602304.0 1201728.0 1902736.0 1402016.0 1201728.0 1702448.0 1101584.0 500720.0 2403456.0 1402016.0 3304752.0 1402016.0 25136144.0 0.733370679573
600864.0 1502160.0 2203168.0 1802592.0 1201728.0 2203168.0 1502160.0 1301872.0 1702448.0 1502160.0 500720.0 1902736.0 1602304.0 1502160.0 1702448.0 25937296.0 0.733370679573
500720.0 901296.0 2203168.0 901296.0 1502160.0 1802592.0 1502160.0 1201728.0 1902736.0 1101584.0 200288.0 2904176.0 1402016.0 2403456.0 1201728.0 24435136.0 0.733370679573
600864.0 901296.0 2103024.0 1402016.0 901296.0 1702448.0 2403456.0 1702448.0 2203168.0 8912816.0 1301872.0 2203168.0 1902736.0 2703888.0 1802592.0 35050400.0 0.733370679573
400576.0 801152.0 2002880.0 1602304.0 1001440.0 2103024.0 1702448.0 1201728.0 1902736.0 1602304.0 3805472.0 2403456.0 1101584.0 1502160.0 1402016.0 27439456.0 0.733370679573
600864.0 1702448.0 500720.0 1402016.0 901296.0 6509360.0 1602304.0 2503600.0 2103024.0 2503600.0 1402016.0 2303312.0 2103024.0 2002880.0 1602304.0 32847232.0 0.733370679573
901296.0 801152.0 1402016.0 1602304.0 1001440.0 2103024.0 1902736.0 1402016.0 6609504.0 3605184.0 1201728.0 2303312.0 1502160.0 1702448.0 1201728.0 31945936.0 0.733370679573
701008.0 1702448.0 701008.0 1101584.0 901296.0 2002880.0 1802592.0 1301872.0 2904176.0 2904176.0 1101584.0 3505040.0 1402016.0 1702448.0 1502160.0 28340752.0 0.733370679573
500720.0 901296.0 1301872.0 1702448.0 901296.0 2203168.0 2103024.0 701008.0 2203168.0 1902736.0 701008.0 2503600.0 1201728.0 1502160.0 1201728.0 24535280.0 0.733370679573
