2503600.0 2303312.0 2103024.0 2403456.0 1301872.0 1301872.0 1902736.0 2703888.0 1402016.0 1402016.0 2203168.0 2503600.0 1001440.0 1301872.0 1702448.0 36051840.0 0.770549089121
2203168.0 1802592.0 1201728.0 1402016.0 901296.0 701008.0 1502160.0 2603744.0 1201728.0 1402016.0 2103024.0 2203168.0 901296.0 1402016.0 1402016.0 30143344.0 0.770549089121
2303312.0 2203168.0 1201728.0 1502160.0 1402016.0 1502160.0 1201728.0 2603744.0 1502160.0 1201728.0 2203168.0 1902736.0 901296.0 1301872.0 1101584.0 29943056.0 0.770549089121
2403456.0 2103024.0 1001440.0 1602304.0 1201728.0 1201728.0 1201728.0 2603744.0 901296.0 1502160.0 2103024.0 2103024.0 1201728.0 1201728.0 1602304.0 27038880.0 0.770549089121
2103024.0 2103024.0 901296.0 1201728.0 801152.0 1201728.0 901296.0 2303312.0 1101584.0 1301872.0 2203168.0 1902736.0 1001440.0 1402016.0 1602304.0 29242048.0 0.770549089121
2303312.0 2002880.0 1602304.0 1201728.0 801152.0 901296.0 901296.0 2403456.0 901296.0 1201728.0 2103024.0 2203168.0 901296.0 1201728.0 1201728.0 26838592.0 0.770549089121
2002880.0 1902736.0 1001440.0 1201728.0 801152.0 1101584.0 901296.0 2403456.0 901296.0 1301872.0 2103024.0 2103024.0 901296.0 1201728.0 1101584.0 24134704.0 0.770549089121
2403456.0 2103024.0 1001440.0 1101584.0 701008.0 1001440.0 901296.0 2403456.0 1001440.0 1402016.0 2303312.0 2203168.0 701008.0 1402016.0 1201728.0 24935856.0 0.770549089121
3304752.0 2303312.0 1101584.0 1602304.0 600864.0 1101584.0 1301872.0 2403456.0 1301872.0 15822752.0 2103024.0 2303312.0 1201728.0 1101584.0 901296.0 41459616.0 0.770549089121
2203168.0 2203168.0 801152.0 1502160.0 701008.0 901296.0 1201728.0 2403456.0 901296.0 1201728.0 2203168.0 2103024.0 901296.0 1201728.0 1201728.0 24034560.0 0.770549089121
2703888.0 2303312.0 1301872.0 1702448.0 1301872.0 1502160.0 2503600.0 3505040.0 1902736.0 8712528.0 2403456.0 2403456.0 1402016.0 1402016.0 1101584.0 42461056.0 0.770549089121
2203168.0 1902736.0 5007200.0 1602304.0 1201728.0 1001440.0 901296.0 2603744.0 701008.0 1402016.0 2002880.0 1802592.0 801152.0 1402016.0 901296.0 29041760.0 0.770549089121
2203168.0 2103024.0 801152.0 1602304.0 701008.0 1101584.0 1001440.0 2403456.0 1101584.0 1301872.0 2303312.0 2203168.0 901296.0 1902736.0 1101584.0 26938736.0 0.770549089121
2203168.0 1802592.0 1201728.0 1201728.0 901296.0 1201728.0 5708208.0 2804032.0 6008640.0 2804032.0 1902736.0 2103024.0 801152.0 1301872.0 1001440.0 35551120.0 0.770549089121
2804032.0 2303312.0 1301872.0 1902736.0 901296.0 1301872.0 1702448.0 4606624.0 2303312.0 2203168.0 2303312.0 2103024.0 1101584.0 1402016.0 1502160.0 34349392.0 0.770549089121
2403456.0 1902736.0 1201728.0 1402016.0 801152.0 1602304.0 2103024.0 2603744.0 1001440.0 1402016.0 2103024.0 2203168.0 701008.0 1301872.0 1702448.0 29842912.0 0.770549089121
2503600.0 2203168.0 1502160.0 1301872.0 901296.0 1001440.0 1101584.0 2603744.0 1402016.0 7711088.0 2303312.0 3905616.0 1602304.0 1201728.0 1201728.0 38255008.0 0.770549089121
2103024.0 2103024.0 1201728.0 1201728.0 701008.0 1201728.0 1602304.0 2403456.0 1201728.0 1201728.0 2002880.0 2002880.0 701008.0 1702448.0 1001440.0 24835712.0 0.770549089121
2303312.0 1802592.0 701008.0 1502160.0 600864.0 1101584.0 1201728.0 2203168.0 1101584.0 1201728.0 2002880.0 2303312.0 701008.0 1502160.0 1201728.0 25837152.0 0.770549089121
2403456.0 1902736.0 1201728.0 1201728.0 600864.0 1001440.0 1001440.0 2603744.0 1001440.0 1101584.0 2203168.0 2103024.0 701008.0 1502160.0 1101584.0 25937296.0 0.770549089121
2703888.0 2203168.0 1402016.0 1201728.0 901296.0 1301872.0 1201728.0 2303312.0 1301872.0 1101584.0 2303312.0 1902736.0 801152.0 1402016.0 1101584.0 27840032.0 0.770549089121
2203168.0 2203168.0 801152.0 1702448.0 701008.0 1201728.0 1201728.0 2303312.0 1201728.0 1201728.0 2203168.0 2103024.0 701008.0 1402016.0 1201728.0 30443776.0 0.770549089121
2303312.0 2002880.0 1301872.0 1301872.0 1201728.0 1301872.0 1001440.0 2603744.0 1702448.0 1802592.0 2203168.0 2002880.0 1001440.0 1301872.0 1101584.0 27840032.0 0.770549089121
2203168.0 1802592.0 1201728.0 1402016.0 1001440.0 901296.0 1602304.0 2403456.0 1001440.0 1402016.0 2103024.0 2203168.0 901296.0 1502160.0 1201728.0 25636864.0 0.770549089121
2203168.0 1802592.0 801152.0 1201728.0 600864.0 1101584.0 1001440.0 2103024.0 1301872.0 1001440.0 1902736.0 1902736.0 701008.0 1402016.0 1001440.0 22832832.0 0.770549089121
2103024.0 2203168.0 901296.0 1201728.0 1001440.0 701008.0 8011520.0 2904176.0 1201728.0 1402016.0 2103024.0 2103024.0 801152.0 1402016.0 701008.0 30844352.0 0.770549089121
2203168.0 1902736.0 801152.0 1402016.0 901296.0 1001440.0 1502160.0 2403456.0 2603744.0 1001440.0 2103024.0 2002880.0 801152.0 1402016.0 901296.0 26037440.0 0.770549089121
2904176.0 1802592.0 1001440.0 1402016.0 500720.0 1402016.0 1402016.0 2403456.0 901296.0 1502160.0 2103024.0 2103024.0 500720.0 1602304.0 1702448.0 27739888.0 0.770549089121
2103024.0 2002880.0 901296.0 1201728.0 600864.0 1201728.0 1201728.0 2203168.0 1101584.0 1301872.0 2002880.0 2203168.0 1001440.0 1402016.0 901296.0 24034560.0 0.770549089121
2203168.0 2103024.0 1001440.0 1402016.0 300432.0 1301872.0 1001440.0 2603744.0 1502160.0 1101584.0 2603744.0 2403456.0 1001440.0 1301872.0 701008.0 24535280.0 0.770549089121
2203168.0 2002880.0 901296.0 1201728.0 701008.0 1101584.0 1001440.0 2303312.0 1301872.0 901296.0 2103024.0 2503600.0 600864.0 1602304.0 901296.0 24234848.0 0.770549089121
1902736.0 1902736.0 801152.0 1301872.0 300432.0 901296.0 1001440.0 2403456.0 901296.0 1001440.0 2103024.0 1902736.0 500720.0 1402016.0 1001440.0 21631104.0 0.770549089121
2203168.0 1702448.0 801152.0 1402016.0 500720.0 1201728.0 1201728.0 2203168.0 1201728.0 1402016.0 2503600.0 2303312.0 901296.0 1301872.0 901296.0 24234848.0 0.770549089121
2403456.0 2103024.0 901296.0 1402016.0 500720.0 1201728.0 3805472.0 2403456.0 1402016.0 1001440.0 2002880.0 2203168.0 701008.0 1702448.0 701008.0 26538160.0 0.770549089121
2403456.0 1602304.0 3004320.0 5207488.0 1201728.0 2403456.0 1402016.0 1301872.0 1802592.0 1502160.0 600864.0 1802592.0 1602304.0 2804032.0 1402016.0 32847232.0 0.770549089121
1001440.0 600864.0 1502160.0 1602304.0 1201728.0 1902736.0 1402016.0 1201728.0 1702448.0 1101584.0 500720.0 2403456.0 1402016.0 3304752.0 1402016.0 25136144.0 0.770549089121
600864.0 1502160.0 2203168.0 1802592.0 1201728.0 2203168.0 1502160.0 1301872.0 1702448.0 1502160.0 500720.0 1902736.0 1602304.0 1502160.0 1702448.0 25937296.0 0.770549089121
500720.0 901296.0 2203168.0 901296.0 1502160.0 1802592.0 1502160.0 1201728.0 1902736.0 1101584.0 200288.0 2904176.0 1402016.0 2403456.0 1201728.0 24435136.0 0.770549089121
600864.0 901296.0 2103024.0 1402016.0 901296.0 1702448.0 2403456.0 1702448.0 2203168.0 8912816.0 1301872.0 2203168.0 1902736.0 2703888.0 1802592.0 35050400.0 0.770549089121
400576.0 801152.0 2002880.0 1602304.0 1001440.0 2103024.0 1702448.0 1201728.0 1902736.0 1602304.0 3805472.0 2403456.0 1101584.0 1502160.0 1402016.0 27439456.0 0.770549089121
600864.0 1702448.0 500720.0 1402016.0 901296.0 6509360.0 1602304.0 2503600.0 2103024.0 2503600.0 1402016.0 2303312.0 2103024.0 2002880.0 1602304.0 32847232.0 0.770549089121
901296.0 801152.0 1402016.0 1602304.0 1001440.0 2103024.0 1902736.0 1402016.0 6609504.0 3605184.0 1201728.0 2303312.0 1502160.0 1702448.0 1201728.0 31945936.0 0.770549089121
701008.0 1702448.0 701008.0 1101584.0 901296.0 2002880.0 1802592.0 1301872.0 2904176.0 2904176.0 1101584.0 3505040.0 1402016.0 1702448.0 1502160.0 28340752.0 0.770549089121
500720.0 901296.0 1301872.0 1702448.0 901296.0 2203168.0 2103024.0 701008.0 2203168.0 1902736.0 701008.0 2503600.0 1201728.0 1502160.0 1201728.0 24535280.0 0.770549089121
