1902736.0 600864.0 1602304.0 1402016.0 1101584.0 1902736.0 1001440.0 2002880.0 1402016.0 1702448.0 901296.0 2103024.0 1101584.0 1301872.0 1902736.0 30944496.0 0.738762849101
2103024.0 701008.0 3905616.0 1301872.0 1001440.0 1101584.0 1201728.0 2603744.0 1001440.0 1802592.0 801152.0 1902736.0 901296.0 1502160.0 1702448.0 31445216.0 0.738762849101
1902736.0 801152.0 1402016.0 801152.0 1201728.0 1402016.0 801152.0 2002880.0 1502160.0 1301872.0 2303312.0 2203168.0 1502160.0 1602304.0 1902736.0 28941616.0 0.738762849101
1902736.0 901296.0 1201728.0 1201728.0 901296.0 1502160.0 901296.0 1902736.0 1402016.0 1702448.0 1001440.0 1602304.0 1402016.0 1201728.0 2403456.0 28240608.0 0.738762849101
1702448.0 901296.0 1101584.0 901296.0 901296.0 1702448.0 600864.0 1902736.0 1402016.0 1101584.0 1001440.0 1502160.0 1402016.0 1201728.0 2203168.0 25636864.0 0.738762849101
1802592.0 1001440.0 1402016.0 1001440.0 1101584.0 1201728.0 1201728.0 1902736.0 1402016.0 1201728.0 701008.0 1402016.0 1402016.0 1201728.0 2203168.0 27239168.0 0.738762849101
1702448.0 801152.0 1001440.0 1001440.0 801152.0 1301872.0 901296.0 1702448.0 1201728.0 1402016.0 901296.0 1502160.0 1301872.0 1301872.0 1802592.0 24735568.0 0.738762849101
1902736.0 901296.0 1201728.0 901296.0 1001440.0 1201728.0 1201728.0 2303312.0 1201728.0 1201728.0 701008.0 1702448.0 901296.0 1402016.0 1902736.0 26237728.0 0.738762849101
1802592.0 801152.0 701008.0 1201728.0 1101584.0 1402016.0 1001440.0 1802592.0 1201728.0 1301872.0 801152.0 1602304.0 1301872.0 901296.0 11015840.0 35050400.0 0.738762849101
1702448.0 901296.0 1201728.0 1201728.0 901296.0 1201728.0 1001440.0 1902736.0 1001440.0 1301872.0 701008.0 1902736.0 1502160.0 1201728.0 1802592.0 25636864.0 0.738762849101
2103024.0 2403456.0 3705328.0 3304752.0 1702448.0 2203168.0 1502160.0 2303312.0 1402016.0 1802592.0 1402016.0 2303312.0 1702448.0 1702448.0 2603744.0 52074880.0 0.738762849101
2103024.0 1702448.0 4506480.0 3304752.0 1101584.0 1502160.0 1201728.0 2203168.0 1402016.0 1802592.0 1201728.0 1902736.0 2002880.0 1602304.0 2303312.0 41459616.0 0.738762849101
2103024.0 1802592.0 2904176.0 4005760.0 1502160.0 1802592.0 1001440.0 2203168.0 1502160.0 1702448.0 1502160.0 1802592.0 1402016.0 1301872.0 2403456.0 41159184.0 0.738762849101
2203168.0 1602304.0 2203168.0 2403456.0 1201728.0 1402016.0 1101584.0 1902736.0 1201728.0 1902736.0 1402016.0 1902736.0 1201728.0 1702448.0 2002880.0 37554000.0 0.738762849101
12417856.0 1802592.0 3505040.0 2503600.0 1702448.0 1702448.0 1001440.0 2002880.0 1101584.0 1402016.0 1001440.0 1902736.0 1001440.0 1602304.0 2303312.0 40958896.0 0.738762849101
1902736.0 2503600.0 11216128.0 1402016.0 2804032.0 6909936.0 901296.0 2403456.0 1702448.0 2103024.0 7110224.0 2703888.0 2303312.0 1402016.0 2403456.0 56381072.0 0.738762849101
2203168.0 1902736.0 2203168.0 1201728.0 1001440.0 1301872.0 1802592.0 2303312.0 1402016.0 1702448.0 2203168.0 2203168.0 1301872.0 1001440.0 2403456.0 33748528.0 0.738762849101
2103024.0 1702448.0 2103024.0 1001440.0 1101584.0 1402016.0 1502160.0 2403456.0 1101584.0 1402016.0 1001440.0 1602304.0 1201728.0 1001440.0 1802592.0 28841472.0 0.738762849101
1902736.0 3104464.0 2103024.0 2403456.0 1201728.0 1402016.0 901296.0 2002880.0 1101584.0 1301872.0 901296.0 1602304.0 1201728.0 1001440.0 1902736.0 30143344.0 0.738762849101
1902736.0 1101584.0 1702448.0 1402016.0 1201728.0 1001440.0 701008.0 2103024.0 1201728.0 1201728.0 1201728.0 1201728.0 1101584.0 901296.0 5708208.0 31044640.0 0.738762849101
2103024.0 801152.0 1502160.0 1001440.0 1201728.0 1502160.0 1001440.0 2203168.0 1201728.0 1201728.0 901296.0 1402016.0 1101584.0 901296.0 4907056.0 30043200.0 0.738762849101
1902736.0 901296.0 1902736.0 901296.0 1201728.0 1001440.0 801152.0 2002880.0 1001440.0 1201728.0 701008.0 1402016.0 1001440.0 901296.0 4306192.0 30543920.0 0.738762849101
2403456.0 1602304.0 3004320.0 5207488.0 1201728.0 2403456.0 1402016.0 1301872.0 1802592.0 1502160.0 600864.0 1802592.0 1602304.0 2804032.0 1402016.0 32847232.0 0.738762849101
1001440.0 600864.0 1502160.0 1602304.0 1201728.0 1902736.0 1402016.0 1201728.0 1702448.0 1101584.0 500720.0 2403456.0 1402016.0 3304752.0 1402016.0 25136144.0 0.738762849101
600864.0 1502160.0 2203168.0 1802592.0 1201728.0 2203168.0 1502160.0 1301872.0 1702448.0 1502160.0 500720.0 1902736.0 1602304.0 1502160.0 1702448.0 25937296.0 0.738762849101
500720.0 901296.0 2203168.0 901296.0 1502160.0 1802592.0 1502160.0 1201728.0 1902736.0 1101584.0 200288.0 2904176.0 1402016.0 2403456.0 1201728.0 24435136.0 0.738762849101
600864.0 901296.0 2103024.0 1402016.0 901296.0 1702448.0 2403456.0 1702448.0 2203168.0 8912816.0 1301872.0 2203168.0 1902736.0 2703888.0 1802592.0 35050400.0 0.738762849101
400576.0 801152.0 2002880.0 1602304.0 1001440.0 2103024.0 1702448.0 1201728.0 1902736.0 1602304.0 3805472.0 2403456.0 1101584.0 1502160.0 1402016.0 27439456.0 0.738762849101
600864.0 1702448.0 500720.0 1402016.0 901296.0 6509360.0 1602304.0 2503600.0 2103024.0 2503600.0 1402016.0 2303312.0 2103024.0 2002880.0 1602304.0 32847232.0 0.738762849101
901296.0 801152.0 1402016.0 1602304.0 1001440.0 2103024.0 1902736.0 1402016.0 6609504.0 3605184.0 1201728.0 2303312.0 1502160.0 1702448.0 1201728.0 31945936.0 0.738762849101
701008.0 1702448.0 701008.0 1101584.0 901296.0 2002880.0 1802592.0 1301872.0 2904176.0 2904176.0 1101584.0 3505040.0 1402016.0 1702448.0 1502160.0 28340752.0 0.738762849101
500720.0 901296.0 1301872.0 1702448.0 901296.0 2203168.0 2103024.0 701008.0 2203168.0 1902736.0 701008.0 2503600.0 1201728.0 1502160.0 1201728.0 24535280.0 0.738762849101
