2203168.0 2103024.0 1201728.0 1402016.0 901296.0 1902736.0 1201728.0 1301872.0 2303312.0 801152.0 1101584.0 2002880.0 1602304.0 1201728.0 1802592.0 26137584.0 0.745139134882
2403456.0 2103024.0 1702448.0 1201728.0 901296.0 2103024.0 1902736.0 1502160.0 2603744.0 901296.0 1402016.0 1902736.0 1201728.0 1201728.0 1902736.0 28040320.0 0.745139134882
2203168.0 2103024.0 1402016.0 1602304.0 801152.0 1802592.0 3805472.0 1301872.0 6609504.0 0.0 0.0 100144.0 701008.0 1502160.0 1502160.0 28641184.0 0.745139134882
2503600.0 2403456.0 2403456.0 1502160.0 801152.0 3104464.0 3204608.0 1802592.0 2904176.0 1702448.0 1502160.0 2904176.0 6208928.0 2904176.0 2303312.0 44363792.0 0.745139134882
2303312.0 2103024.0 1902736.0 1502160.0 1301872.0 2303312.0 3605184.0 2002880.0 2804032.0 1101584.0 1502160.0 2904176.0 4306192.0 2403456.0 2002880.0 37253568.0 0.745139134882
2403456.0 2403456.0 1602304.0 1602304.0 801152.0 2303312.0 2603744.0 1702448.0 2603744.0 1101584.0 1502160.0 6809792.0 1702448.0 4506480.0 2103024.0 38655584.0 0.745139134882
2303312.0 1902736.0 1502160.0 1402016.0 901296.0 2303312.0 901296.0 1802592.0 2703888.0 1502160.0 1101584.0 2603744.0 1902736.0 1502160.0 2002880.0 29542480.0 0.745139134882
2703888.0 2103024.0 1602304.0 1702448.0 901296.0 2403456.0 1001440.0 1802592.0 2703888.0 1402016.0 1201728.0 2804032.0 5908496.0 1702448.0 2603744.0 35350832.0 0.745139134882
2403456.0 2103024.0 1502160.0 1402016.0 901296.0 2503600.0 1402016.0 1802592.0 2904176.0 1001440.0 1301872.0 2303312.0 2603744.0 1101584.0 2804032.0 31545360.0 0.745139134882
3104464.0 1902736.0 2203168.0 1301872.0 701008.0 2904176.0 1201728.0 1802592.0 2703888.0 901296.0 1201728.0 2603744.0 1402016.0 1502160.0 2603744.0 31044640.0 0.745139134882
2703888.0 2103024.0 1802592.0 1301872.0 1101584.0 2703888.0 1502160.0 1702448.0 2703888.0 1301872.0 1702448.0 3505040.0 2203168.0 1301872.0 1902736.0 32747088.0 0.745139134882
2503600.0 3204608.0 1402016.0 1602304.0 901296.0 2703888.0 2103024.0 2603744.0 2904176.0 1802592.0 1702448.0 6108784.0 1502160.0 2804032.0 2103024.0 39556880.0 0.745139134882
2503600.0 2103024.0 2303312.0 1101584.0 1101584.0 3304752.0 2503600.0 1702448.0 3004320.0 1101584.0 1802592.0 5107344.0 1502160.0 3004320.0 1802592.0 37453856.0 0.745139134882
3104464.0 1802592.0 1702448.0 1702448.0 701008.0 3004320.0 1502160.0 1902736.0 2503600.0 1001440.0 1402016.0 3404896.0 3304752.0 1402016.0 2603744.0 34349392.0 0.745139134882
2503600.0 2103024.0 1402016.0 1902736.0 1201728.0 2103024.0 1402016.0 1702448.0 2603744.0 1502160.0 1602304.0 3004320.0 2103024.0 600864.0 2503600.0 31244928.0 0.745139134882
2503600.0 2403456.0 1902736.0 1502160.0 901296.0 3304752.0 1402016.0 2103024.0 2904176.0 2203168.0 1602304.0 6909936.0 1602304.0 5507920.0 1402016.0 41760048.0 0.745139134882
2403456.0 2303312.0 1702448.0 1402016.0 1101584.0 3204608.0 1902736.0 1902736.0 2703888.0 1301872.0 1702448.0 4005760.0 1201728.0 1402016.0 2403456.0 33648384.0 0.745139134882
2403456.0 2303312.0 1402016.0 1402016.0 801152.0 2804032.0 1402016.0 1902736.0 7410656.0 1902736.0 1402016.0 3505040.0 2703888.0 1602304.0 2403456.0 38956016.0 0.745139134882
2103024.0 1902736.0 1502160.0 1802592.0 801152.0 2603744.0 1402016.0 1702448.0 2703888.0 1902736.0 1502160.0 3004320.0 2403456.0 1702448.0 2002880.0 32847232.0 0.745139134882
2403456.0 2603744.0 2804032.0 1201728.0 901296.0 4506480.0 1502160.0 1902736.0 3705328.0 1902736.0 1502160.0 6609504.0 1402016.0 2603744.0 1402016.0 40358032.0 0.745139134882
2503600.0 2203168.0 2002880.0 1101584.0 801152.0 3605184.0 2103024.0 1802592.0 3204608.0 1402016.0 3705328.0 2303312.0 1502160.0 1101584.0 1802592.0 34249248.0 0.745139134882
2503600.0 2403456.0 2403456.0 1001440.0 1101584.0 3304752.0 2403456.0 2103024.0 4306192.0 2103024.0 1702448.0 5407776.0 1902736.0 1502160.0 2103024.0 39757168.0 0.745139134882
2503600.0 2303312.0 2303312.0 1402016.0 1001440.0 3605184.0 1902736.0 2203168.0 3705328.0 2403456.0 1602304.0 4506480.0 1301872.0 1402016.0 1802592.0 37453856.0 0.745139134882
2603744.0 2403456.0 1702448.0 1402016.0 1001440.0 2804032.0 2403456.0 1902736.0 3004320.0 2403456.0 1402016.0 5207488.0 1201728.0 1602304.0 1702448.0 36151984.0 0.745139134882
2403456.0 1802592.0 1802592.0 1602304.0 1001440.0 2703888.0 1902736.0 2203168.0 3605184.0 2002880.0 1402016.0 4606624.0 1402016.0 1702448.0 1602304.0 35050400.0 0.745139134882
2303312.0 2203168.0 2403456.0 1402016.0 1101584.0 3605184.0 2002880.0 2002880.0 6108784.0 200288.0 801152.0 3605184.0 1702448.0 1602304.0 1402016.0 35851552.0 0.745139134882
2403456.0 2503600.0 2002880.0 1201728.0 1001440.0 3004320.0 1802592.0 1802592.0 2804032.0 2603744.0 1702448.0 4706768.0 6008640.0 6208928.0 1101584.0 43562640.0 0.745139134882
2303312.0 2203168.0 1902736.0 1402016.0 701008.0 3104464.0 1702448.0 1902736.0 3004320.0 1702448.0 1402016.0 4506480.0 1702448.0 1702448.0 2002880.0 34149104.0 0.745139134882
2303312.0 1902736.0 1402016.0 1502160.0 901296.0 2503600.0 2002880.0 1502160.0 2904176.0 1502160.0 1702448.0 4706768.0 1402016.0 1602304.0 1902736.0 32546800.0 0.745139134882
2503600.0 0.0 15021600.0 2603744.0 901296.0 1902736.0 1402016.0 1702448.0 2904176.0 1602304.0 1902736.0 4105904.0 6108784.0 4206048.0 2403456.0 51874592.0 0.745139134882
2303312.0 2002880.0 2103024.0 1402016.0 701008.0 3004320.0 1402016.0 2403456.0 2804032.0 1802592.0 1702448.0 5107344.0 1402016.0 1702448.0 1702448.0 34950256.0 0.745139134882
2703888.0 2103024.0 3304752.0 1702448.0 901296.0 3104464.0 1201728.0 2403456.0 2804032.0 1402016.0 1402016.0 4306192.0 1402016.0 1402016.0 2203168.0 35651264.0 0.745139134882
2103024.0 2203168.0 3705328.0 1902736.0 1101584.0 3204608.0 1101584.0 2203168.0 3104464.0 2002880.0 1402016.0 3605184.0 9713968.0 3905616.0 1902736.0 46166384.0 0.745139134882
2403456.0 2103024.0 1902736.0 901296.0 1001440.0 3104464.0 1101584.0 2904176.0 2904176.0 1802592.0 1702448.0 4005760.0 1402016.0 1902736.0 1902736.0 34649824.0 0.745139134882
2503600.0 2203168.0 2303312.0 1502160.0 1001440.0 2303312.0 1201728.0 2002880.0 2904176.0 1802592.0 1602304.0 4105904.0 8111664.0 0.0 701008.0 37554000.0 0.745139134882
2002880.0 2303312.0 2403456.0 901296.0 1001440.0 2804032.0 1201728.0 2403456.0 2603744.0 2103024.0 1402016.0 3905616.0 1602304.0 8512240.0 1702448.0 40358032.0 0.745139134882
2904176.0 2103024.0 1201728.0 1602304.0 1101584.0 2303312.0 1402016.0 2203168.0 3304752.0 2703888.0 9413536.0 3104464.0 5207488.0 2703888.0 2103024.0 46867392.0 0.745139134882
2403456.0 1902736.0 2203168.0 1101584.0 701008.0 2703888.0 1201728.0 2303312.0 2603744.0 1402016.0 1502160.0 4005760.0 1502160.0 3905616.0 1902736.0 34950256.0 0.745139134882
2203168.0 2303312.0 1602304.0 1001440.0 901296.0 1902736.0 1201728.0 2002880.0 2703888.0 1502160.0 1402016.0 3905616.0 1301872.0 1502160.0 2002880.0 30543920.0 0.745139134882
2303312.0 1902736.0 1902736.0 1101584.0 801152.0 2603744.0 1001440.0 2103024.0 2603744.0 1602304.0 2002880.0 3004320.0 9012960.0 2403456.0 2303312.0 40057600.0 0.745139134882
2303312.0 2103024.0 1702448.0 901296.0 1001440.0 2804032.0 1101584.0 2103024.0 2804032.0 2603744.0 1602304.0 3104464.0 5808352.0 3805472.0 1301872.0 38655584.0 0.745139134882
2603744.0 1902736.0 1502160.0 1602304.0 1001440.0 2503600.0 1201728.0 2203168.0 2603744.0 1902736.0 1402016.0 4206048.0 2403456.0 6208928.0 1201728.0 37554000.0 0.745139134882
2403456.0 1602304.0 3004320.0 5207488.0 1201728.0 2403456.0 1402016.0 1301872.0 1802592.0 1502160.0 600864.0 1802592.0 1602304.0 2804032.0 1402016.0 32847232.0 0.745139134882
1001440.0 600864.0 1502160.0 1602304.0 1201728.0 1902736.0 1402016.0 1201728.0 1702448.0 1101584.0 500720.0 2403456.0 1402016.0 3304752.0 1402016.0 25136144.0 0.745139134882
600864.0 1502160.0 2203168.0 1802592.0 1201728.0 2203168.0 1502160.0 1301872.0 1702448.0 1502160.0 500720.0 1902736.0 1602304.0 1502160.0 1702448.0 25937296.0 0.745139134882
500720.0 901296.0 2203168.0 901296.0 1502160.0 1802592.0 1502160.0 1201728.0 1902736.0 1101584.0 200288.0 2904176.0 1402016.0 2403456.0 1201728.0 24435136.0 0.745139134882
600864.0 901296.0 2103024.0 1402016.0 901296.0 1702448.0 2403456.0 1702448.0 2203168.0 8912816.0 1301872.0 2203168.0 1902736.0 2703888.0 1802592.0 35050400.0 0.745139134882
400576.0 801152.0 2002880.0 1602304.0 1001440.0 2103024.0 1702448.0 1201728.0 1902736.0 1602304.0 3805472.0 2403456.0 1101584.0 1502160.0 1402016.0 27439456.0 0.745139134882
600864.0 1702448.0 500720.0 1402016.0 901296.0 6509360.0 1602304.0 2503600.0 2103024.0 2503600.0 1402016.0 2303312.0 2103024.0 2002880.0 1602304.0 32847232.0 0.745139134882
901296.0 801152.0 1402016.0 1602304.0 1001440.0 2103024.0 1902736.0 1402016.0 6609504.0 3605184.0 1201728.0 2303312.0 1502160.0 1702448.0 1201728.0 31945936.0 0.745139134882
701008.0 1702448.0 701008.0 1101584.0 901296.0 2002880.0 1802592.0 1301872.0 2904176.0 2904176.0 1101584.0 3505040.0 1402016.0 1702448.0 1502160.0 28340752.0 0.745139134882
500720.0 901296.0 1301872.0 1702448.0 901296.0 2203168.0 2103024.0 701008.0 2203168.0 1902736.0 701008.0 2503600.0 1201728.0 1502160.0 1201728.0 24535280.0 0.745139134882
