1702448.0 2103024.0 3104464.0 1602304.0 2804032.0 2503600.0 1802592.0 2804032.0 2103024.0 2203168.0 2703888.0 2103024.0 2002880.0 1602304.0 3104464.0 40958896.0 0.745646998104
1502160.0 1702448.0 3004320.0 1702448.0 4105904.0 2703888.0 1902736.0 2603744.0 2603744.0 2203168.0 3805472.0 2804032.0 3104464.0 2103024.0 2603744.0 43262208.0 0.745646998104
1802592.0 2303312.0 2203168.0 1602304.0 2103024.0 2203168.0 1902736.0 2904176.0 2002880.0 1802592.0 2303312.0 2403456.0 1802592.0 2002880.0 2703888.0 36953136.0 0.745646998104
2002880.0 1802592.0 2403456.0 1702448.0 3004320.0 2403456.0 1702448.0 2804032.0 2403456.0 3605184.0 2303312.0 2103024.0 3104464.0 3104464.0 2904176.0 42761488.0 0.745646998104
1301872.0 1802592.0 2103024.0 1602304.0 1802592.0 1902736.0 1402016.0 2804032.0 1902736.0 1802592.0 2303312.0 2303312.0 1802592.0 2002880.0 3505040.0 35350832.0 0.745646998104
1001440.0 1602304.0 2403456.0 1602304.0 1702448.0 1602304.0 1502160.0 2804032.0 1902736.0 4005760.0 3104464.0 2603744.0 2804032.0 1902736.0 3304752.0 38956016.0 0.745646998104
1602304.0 1502160.0 2303312.0 1402016.0 2002880.0 2303312.0 1602304.0 2603744.0 2002880.0 2002880.0 2103024.0 1802592.0 2103024.0 1902736.0 3404896.0 36151984.0 0.745646998104
1702448.0 1402016.0 3505040.0 1702448.0 1902736.0 1902736.0 1402016.0 2603744.0 1902736.0 1902736.0 1902736.0 1902736.0 1902736.0 1502160.0 2703888.0 34249248.0 0.745646998104
1602304.0 1402016.0 2603744.0 1502160.0 2203168.0 1902736.0 1602304.0 3204608.0 2804032.0 2403456.0 2103024.0 2103024.0 1602304.0 1802592.0 3004320.0 36953136.0 0.745646998104
1402016.0 1201728.0 2703888.0 1101584.0 1402016.0 2203168.0 1402016.0 2603744.0 2103024.0 2203168.0 1802592.0 2203168.0 1702448.0 1402016.0 3004320.0 33047520.0 0.745646998104
1502160.0 1201728.0 2503600.0 1201728.0 1802592.0 2002880.0 1502160.0 2703888.0 1902736.0 2103024.0 2002880.0 2203168.0 1702448.0 1802592.0 3004320.0 33748528.0 0.745646998104
1402016.0 1502160.0 2303312.0 1402016.0 1702448.0 1902736.0 901296.0 2603744.0 3404896.0 2503600.0 2203168.0 2103024.0 1902736.0 1702448.0 3104464.0 34850112.0 0.745646998104
1101584.0 9213248.0 3004320.0 2103024.0 3104464.0 2403456.0 1902736.0 5407776.0 3304752.0 2703888.0 2703888.0 2904176.0 6809792.0 0.0 1502160.0 55479776.0 0.745646998104
1201728.0 2203168.0 4506480.0 3104464.0 3304752.0 1902736.0 1902736.0 7310512.0 2603744.0 2203168.0 3004320.0 2403456.0 2103024.0 1902736.0 3104464.0 47668544.0 0.745646998104
1301872.0 9914256.0 2904176.0 2103024.0 3204608.0 3104464.0 2203168.0 3304752.0 2403456.0 2503600.0 2203168.0 2603744.0 2002880.0 1902736.0 3705328.0 61588560.0 0.745646998104
901296.0 1902736.0 5507920.0 2403456.0 3204608.0 5307632.0 2804032.0 3104464.0 2804032.0 3805472.0 2603744.0 3104464.0 2703888.0 2503600.0 3404896.0 50973296.0 0.745646998104
1301872.0 1702448.0 3404896.0 1402016.0 2203168.0 1902736.0 1702448.0 3204608.0 2804032.0 3605184.0 3805472.0 3404896.0 2303312.0 2603744.0 2703888.0 43162064.0 0.745646998104
1101584.0 2002880.0 4706768.0 1702448.0 2403456.0 3004320.0 1902736.0 2804032.0 2904176.0 3104464.0 5007200.0 3705328.0 2703888.0 2403456.0 2303312.0 46767248.0 0.745646998104
1201728.0 1802592.0 4306192.0 2103024.0 2203168.0 2904176.0 1802592.0 3104464.0 2403456.0 2203168.0 2403456.0 2403456.0 1902736.0 1902736.0 2603744.0 40257888.0 0.745646998104
901296.0 1902736.0 4306192.0 1702448.0 1902736.0 2303312.0 1702448.0 2603744.0 2103024.0 4005760.0 2103024.0 2403456.0 1902736.0 2002880.0 3204608.0 43162064.0 0.745646998104
0.0 0.0 2904176.0 1201728.0 2503600.0 2503600.0 1502160.0 3705328.0 3705328.0 2103024.0 2303312.0 2403456.0 1702448.0 1301872.0 3805472.0 39056160.0 0.745646998104
400576.0 1602304.0 4306192.0 1902736.0 1802592.0 2703888.0 1602304.0 3104464.0 2103024.0 2002880.0 1902736.0 2103024.0 1602304.0 1502160.0 3304752.0 37453856.0 0.745646998104
1101584.0 1802592.0 3905616.0 1201728.0 2503600.0 2403456.0 1502160.0 3004320.0 2403456.0 2804032.0 14621024.0 7310512.0 2403456.0 2503600.0 3104464.0 58383952.0 0.745646998104
701008.0 1402016.0 4706768.0 1702448.0 2103024.0 2603744.0 1502160.0 2703888.0 2403456.0 2403456.0 1602304.0 2203168.0 1702448.0 1402016.0 2804032.0 36752848.0 0.745646998104
1802592.0 2403456.0 3404896.0 4105904.0 7510800.0 3404896.0 2203168.0 3204608.0 2203168.0 5507920.0 1602304.0 3304752.0 2904176.0 2503600.0 3004320.0 54478336.0 0.745646998104
1201728.0 2203168.0 3505040.0 1902736.0 2403456.0 2303312.0 1702448.0 2904176.0 2303312.0 2203168.0 3605184.0 2503600.0 2403456.0 2203168.0 2503600.0 41059040.0 0.745646998104
1001440.0 6208928.0 5407776.0 1902736.0 3304752.0 2603744.0 2002880.0 3304752.0 2503600.0 1902736.0 2804032.0 2804032.0 2002880.0 2203168.0 2703888.0 48770128.0 0.745646998104
1201728.0 1702448.0 3905616.0 1502160.0 2403456.0 2103024.0 1402016.0 2603744.0 2203168.0 2103024.0 2603744.0 2403456.0 1802592.0 1902736.0 2703888.0 38255008.0 0.745646998104
1802592.0 1602304.0 7410656.0 1402016.0 2303312.0 1902736.0 1301872.0 3104464.0 2904176.0 2403456.0 3004320.0 2703888.0 1702448.0 2403456.0 3104464.0 44063360.0 0.745646998104
1301872.0 1602304.0 4005760.0 1201728.0 1902736.0 2103024.0 1602304.0 2904176.0 1902736.0 2603744.0 1902736.0 2403456.0 1602304.0 1902736.0 2904176.0 36752848.0 0.745646998104
1201728.0 1902736.0 2703888.0 2002880.0 1602304.0 2002880.0 1201728.0 2904176.0 1602304.0 5407776.0 2403456.0 2503600.0 1702448.0 2303312.0 2703888.0 39256448.0 0.745646998104
801152.0 1402016.0 3505040.0 1402016.0 1902736.0 2403456.0 1201728.0 3104464.0 2103024.0 3605184.0 2503600.0 2703888.0 1902736.0 2002880.0 5107344.0 40358032.0 0.745646998104
1402016.0 1902736.0 2603744.0 1402016.0 2503600.0 2203168.0 1502160.0 3104464.0 2002880.0 4406336.0 7210368.0 10214688.0 2203168.0 2503600.0 2804032.0 52775888.0 0.745646998104
1201728.0 1402016.0 3505040.0 1201728.0 1902736.0 2403456.0 1201728.0 3104464.0 2403456.0 2804032.0 2103024.0 2203168.0 1602304.0 1902736.0 3104464.0 39857312.0 0.745646998104
1402016.0 1502160.0 3004320.0 1402016.0 2103024.0 2303312.0 1301872.0 2904176.0 2002880.0 2503600.0 2303312.0 2403456.0 1702448.0 1702448.0 2503600.0 36252128.0 0.745646998104
1201728.0 901296.0 3605184.0 1201728.0 1602304.0 2403456.0 901296.0 2904176.0 1802592.0 2403456.0 1702448.0 2103024.0 1702448.0 1602304.0 2703888.0 33948816.0 0.745646998104
1602304.0 2703888.0 4907056.0 2603744.0 7510800.0 2603744.0 1902736.0 3605184.0 3605184.0 3404896.0 3204608.0 3705328.0 2503600.0 2603744.0 3605184.0 58183664.0 0.745646998104
1702448.0 1602304.0 4606624.0 1602304.0 3505040.0 2403456.0 1902736.0 3104464.0 2203168.0 2002880.0 3905616.0 2804032.0 1902736.0 2103024.0 2904176.0 42761488.0 0.745646998104
1402016.0 1702448.0 3605184.0 1402016.0 2303312.0 2002880.0 1502160.0 3104464.0 2002880.0 4105904.0 2603744.0 2403456.0 1902736.0 2203168.0 2303312.0 39556880.0 0.745646998104
1702448.0 1602304.0 3404896.0 1301872.0 2002880.0 1902736.0 1201728.0 2804032.0 2103024.0 2703888.0 2804032.0 2103024.0 1702448.0 2303312.0 2403456.0 36752848.0 0.745646998104
1301872.0 1602304.0 3204608.0 1301872.0 2303312.0 2203168.0 1502160.0 3004320.0 2303312.0 3004320.0 2603744.0 2503600.0 1802592.0 2403456.0 2703888.0 39056160.0 0.745646998104
1702448.0 1702448.0 3505040.0 1502160.0 1902736.0 2303312.0 1702448.0 3104464.0 4206048.0 2603744.0 2002880.0 1802592.0 1702448.0 1702448.0 2503600.0 38054720.0 0.745646998104
1402016.0 1602304.0 3004320.0 1201728.0 2603744.0 2203168.0 1702448.0 2904176.0 2203168.0 3705328.0 2904176.0 2703888.0 1502160.0 1802592.0 3104464.0 39156304.0 0.745646998104
1201728.0 1902736.0 3805472.0 1402016.0 2203168.0 1902736.0 1402016.0 2603744.0 3404896.0 3505040.0 7310512.0 2904176.0 1802592.0 2403456.0 2904176.0 45365232.0 0.745646998104
1502160.0 1201728.0 3705328.0 1201728.0 2703888.0 2403456.0 1702448.0 3404896.0 2904176.0 4206048.0 4806912.0 2603744.0 3404896.0 7010080.0 5507920.0 53376752.0 0.745646998104
1502160.0 1301872.0 3104464.0 1001440.0 1902736.0 2303312.0 1502160.0 2904176.0 2703888.0 2203168.0 1902736.0 1802592.0 1502160.0 1902736.0 2603744.0 34850112.0 0.745646998104
1502160.0 1702448.0 3404896.0 1301872.0 2403456.0 1902736.0 1602304.0 2804032.0 2703888.0 23533840.0 2303312.0 2503600.0 2002880.0 2203168.0 2503600.0 60787408.0 0.745646998104
1502160.0 1201728.0 2904176.0 1201728.0 1802592.0 4506480.0 6008640.0 2703888.0 2904176.0 3404896.0 8011520.0 3104464.0 1902736.0 2303312.0 2603744.0 50572720.0 0.745646998104
2403456.0 1602304.0 3004320.0 5207488.0 1201728.0 2403456.0 1402016.0 1301872.0 1802592.0 1502160.0 600864.0 1802592.0 1602304.0 2804032.0 1402016.0 32847232.0 0.745646998104
1001440.0 600864.0 1502160.0 1602304.0 1201728.0 1902736.0 1402016.0 1201728.0 1702448.0 1101584.0 500720.0 2403456.0 1402016.0 3304752.0 1402016.0 25136144.0 0.745646998104
600864.0 1502160.0 2203168.0 1802592.0 1201728.0 2203168.0 1502160.0 1301872.0 1702448.0 1502160.0 500720.0 1902736.0 1602304.0 1502160.0 1702448.0 25937296.0 0.745646998104
500720.0 901296.0 2203168.0 901296.0 1502160.0 1802592.0 1502160.0 1201728.0 1902736.0 1101584.0 200288.0 2904176.0 1402016.0 2403456.0 1201728.0 24435136.0 0.745646998104
600864.0 901296.0 2103024.0 1402016.0 901296.0 1702448.0 2403456.0 1702448.0 2203168.0 8912816.0 1301872.0 2203168.0 1902736.0 2703888.0 1802592.0 35050400.0 0.745646998104
400576.0 801152.0 2002880.0 1602304.0 1001440.0 2103024.0 1702448.0 1201728.0 1902736.0 1602304.0 3805472.0 2403456.0 1101584.0 1502160.0 1402016.0 27439456.0 0.745646998104
600864.0 1702448.0 500720.0 1402016.0 901296.0 6509360.0 1602304.0 2503600.0 2103024.0 2503600.0 1402016.0 2303312.0 2103024.0 2002880.0 1602304.0 32847232.0 0.745646998104
901296.0 801152.0 1402016.0 1602304.0 1001440.0 2103024.0 1902736.0 1402016.0 6609504.0 3605184.0 1201728.0 2303312.0 1502160.0 1702448.0 1201728.0 31945936.0 0.745646998104
701008.0 1702448.0 701008.0 1101584.0 901296.0 2002880.0 1802592.0 1301872.0 2904176.0 2904176.0 1101584.0 3505040.0 1402016.0 1702448.0 1502160.0 28340752.0 0.745646998104
500720.0 901296.0 1301872.0 1702448.0 901296.0 2203168.0 2103024.0 701008.0 2203168.0 1902736.0 701008.0 2503600.0 1201728.0 1502160.0 1201728.0 24535280.0 0.745646998104
