1902736.0 2203168.0 2804032.0 1702448.0 901296.0 2703888.0 1602304.0 5007200.0 1402016.0 1902736.0 901296.0 5708208.0 200288.0 3905616.0 2103024.0 38255008.0 0.68150924496
1502160.0 1502160.0 3304752.0 1402016.0 1502160.0 5207488.0 0.0 2203168.0 1602304.0 5307632.0 1301872.0 2804032.0 1201728.0 1201728.0 2203168.0 36352272.0 0.68150924496
1702448.0 1702448.0 2503600.0 1402016.0 1201728.0 2703888.0 3004320.0 2904176.0 1402016.0 1602304.0 1201728.0 3104464.0 1502160.0 2303312.0 1402016.0 33247808.0 0.68150924496
1802592.0 1602304.0 2103024.0 1301872.0 1301872.0 2203168.0 1001440.0 2703888.0 1402016.0 1902736.0 1001440.0 2804032.0 1502160.0 3304752.0 1502160.0 30644064.0 0.68150924496
1902736.0 2002880.0 2403456.0 1502160.0 1201728.0 2303312.0 901296.0 2904176.0 1602304.0 1702448.0 1402016.0 2904176.0 3004320.0 3905616.0 1101584.0 34149104.0 0.68150924496
1902736.0 1902736.0 2203168.0 1402016.0 1602304.0 2703888.0 1001440.0 3705328.0 1301872.0 4606624.0 1602304.0 2603744.0 1101584.0 1301872.0 1402016.0 34449536.0 0.68150924496
1402016.0 2203168.0 2103024.0 1402016.0 901296.0 2703888.0 1402016.0 2804032.0 1001440.0 1602304.0 1502160.0 2503600.0 1201728.0 1502160.0 1402016.0 29442336.0 0.68150924496
1902736.0 1402016.0 2103024.0 1201728.0 1301872.0 1802592.0 901296.0 2703888.0 1402016.0 1502160.0 2002880.0 2603744.0 1502160.0 1001440.0 1702448.0 29141904.0 0.68150924496
1602304.0 1902736.0 1402016.0 1502160.0 901296.0 1902736.0 1101584.0 3905616.0 1301872.0 1702448.0 1702448.0 2203168.0 1301872.0 1201728.0 1402016.0 28641184.0 0.68150924496
1902736.0 1301872.0 1902736.0 1502160.0 1201728.0 1702448.0 1402016.0 2303312.0 1301872.0 1702448.0 1101584.0 2303312.0 1502160.0 1001440.0 1602304.0 27139024.0 0.68150924496
1702448.0 1502160.0 2103024.0 1201728.0 901296.0 1902736.0 1001440.0 2603744.0 1402016.0 4005760.0 3104464.0 2904176.0 1602304.0 1502160.0 1301872.0 31845792.0 0.68150924496
1802592.0 1602304.0 2703888.0 1101584.0 1402016.0 1802592.0 1201728.0 3304752.0 1502160.0 1602304.0 1301872.0 2303312.0 1301872.0 1301872.0 1402016.0 29242048.0 0.68150924496
1902736.0 1502160.0 2303312.0 1402016.0 1201728.0 2203168.0 701008.0 2804032.0 1702448.0 4907056.0 1702448.0 2203168.0 1201728.0 1301872.0 1201728.0 31345072.0 0.68150924496
1702448.0 1702448.0 1902736.0 1101584.0 1402016.0 1702448.0 1001440.0 2603744.0 1301872.0 1802592.0 1101584.0 2303312.0 1502160.0 1001440.0 1902736.0 27639744.0 0.68150924496
1702448.0 1602304.0 3104464.0 1702448.0 1001440.0 2002880.0 1201728.0 2403456.0 1502160.0 4206048.0 1201728.0 2103024.0 1402016.0 1502160.0 2403456.0 32546800.0 0.68150924496
1602304.0 1502160.0 2503600.0 1201728.0 901296.0 2002880.0 1001440.0 2503600.0 1301872.0 1502160.0 1101584.0 2403456.0 1402016.0 1101584.0 1602304.0 27239168.0 0.68150924496
1702448.0 1502160.0 1802592.0 1201728.0 1001440.0 1602304.0 1201728.0 2804032.0 1702448.0 1902736.0 2203168.0 2303312.0 1402016.0 1201728.0 1502160.0 28040320.0 0.68150924496
1802592.0 1502160.0 2503600.0 1001440.0 1301872.0 1602304.0 1301872.0 8011520.0 1402016.0 1502160.0 1402016.0 4105904.0 1702448.0 1502160.0 1702448.0 35851552.0 0.68150924496
1802592.0 1402016.0 2904176.0 1201728.0 901296.0 1902736.0 1001440.0 3505040.0 1702448.0 1402016.0 1402016.0 2603744.0 3104464.0 1702448.0 1402016.0 31244928.0 0.68150924496
1702448.0 1201728.0 2904176.0 1101584.0 901296.0 1802592.0 1101584.0 2703888.0 1502160.0 1402016.0 1301872.0 2103024.0 1802592.0 1402016.0 1902736.0 27840032.0 0.68150924496
1702448.0 1702448.0 4406336.0 1702448.0 1001440.0 2103024.0 901296.0 2904176.0 3505040.0 1702448.0 6809792.0 2002880.0 1602304.0 1201728.0 1602304.0 38255008.0 0.68150924496
1802592.0 1402016.0 2002880.0 801152.0 1502160.0 2203168.0 1201728.0 2603744.0 1702448.0 1402016.0 1402016.0 2303312.0 1502160.0 1201728.0 1301872.0 27339312.0 0.68150924496
1602304.0 1502160.0 1902736.0 1201728.0 1101584.0 1402016.0 1201728.0 2703888.0 1602304.0 1402016.0 1502160.0 1902736.0 1301872.0 1502160.0 1201728.0 26337872.0 0.68150924496
2403456.0 1602304.0 3004320.0 5207488.0 1201728.0 2403456.0 1402016.0 1301872.0 1802592.0 1502160.0 600864.0 1802592.0 1602304.0 2804032.0 1402016.0 32847232.0 0.68150924496
1001440.0 600864.0 1502160.0 1602304.0 1201728.0 1902736.0 1402016.0 1201728.0 1702448.0 1101584.0 500720.0 2403456.0 1402016.0 3304752.0 1402016.0 25136144.0 0.68150924496
600864.0 1502160.0 2203168.0 1802592.0 1201728.0 2203168.0 1502160.0 1301872.0 1702448.0 1502160.0 500720.0 1902736.0 1602304.0 1502160.0 1702448.0 25937296.0 0.68150924496
500720.0 901296.0 2203168.0 901296.0 1502160.0 1802592.0 1502160.0 1201728.0 1902736.0 1101584.0 200288.0 2904176.0 1402016.0 2403456.0 1201728.0 24435136.0 0.68150924496
600864.0 901296.0 2103024.0 1402016.0 901296.0 1702448.0 2403456.0 1702448.0 2203168.0 8912816.0 1301872.0 2203168.0 1902736.0 2703888.0 1802592.0 35050400.0 0.68150924496
400576.0 801152.0 2002880.0 1602304.0 1001440.0 2103024.0 1702448.0 1201728.0 1902736.0 1602304.0 3805472.0 2403456.0 1101584.0 1502160.0 1402016.0 27439456.0 0.68150924496
600864.0 1702448.0 500720.0 1402016.0 901296.0 6509360.0 1602304.0 2503600.0 2103024.0 2503600.0 1402016.0 2303312.0 2103024.0 2002880.0 1602304.0 32847232.0 0.68150924496
901296.0 801152.0 1402016.0 1602304.0 1001440.0 2103024.0 1902736.0 1402016.0 6609504.0 3605184.0 1201728.0 2303312.0 1502160.0 1702448.0 1201728.0 31945936.0 0.68150924496
701008.0 1702448.0 701008.0 1101584.0 901296.0 2002880.0 1802592.0 1301872.0 2904176.0 2904176.0 1101584.0 3505040.0 1402016.0 1702448.0 1502160.0 28340752.0 0.68150924496
500720.0 901296.0 1301872.0 1702448.0 901296.0 2203168.0 2103024.0 701008.0 2203168.0 1902736.0 701008.0 2503600.0 1201728.0 1502160.0 1201728.0 24535280.0 0.68150924496
