1101584.0 701008.0 1702448.0 2103024.0 1502160.0 1101584.0 1402016.0 2703888.0 1201728.0 1802592.0 1201728.0 1702448.0 1402016.0 2303312.0 1502160.0 27439456.0 0.71176606505
901296.0 801152.0 2303312.0 1802592.0 1301872.0 1101584.0 1301872.0 2603744.0 1301872.0 1702448.0 1301872.0 1802592.0 1602304.0 5507920.0 1502160.0 33548240.0 0.71176606505
1502160.0 701008.0 1702448.0 2303312.0 901296.0 1001440.0 1001440.0 2804032.0 1402016.0 1702448.0 1201728.0 1902736.0 1301872.0 5307632.0 901296.0 29943056.0 0.71176606505
1301872.0 701008.0 1201728.0 2303312.0 1001440.0 901296.0 1101584.0 2503600.0 1502160.0 1602304.0 1201728.0 1702448.0 1402016.0 2002880.0 1702448.0 26037440.0 0.71176606505
1201728.0 1001440.0 1702448.0 2002880.0 1001440.0 1001440.0 901296.0 2403456.0 1402016.0 1902736.0 1402016.0 1902736.0 801152.0 2503600.0 2403456.0 27339312.0 0.71176606505
1201728.0 801152.0 1301872.0 1802592.0 1101584.0 801152.0 1201728.0 2403456.0 1101584.0 1802592.0 1001440.0 1802592.0 901296.0 2703888.0 1702448.0 25536720.0 0.71176606505
1602304.0 901296.0 1702448.0 1902736.0 1101584.0 1201728.0 1001440.0 2904176.0 701008.0 1802592.0 1201728.0 2203168.0 901296.0 3304752.0 1201728.0 27539600.0 0.71176606505
1301872.0 2002880.0 1101584.0 1702448.0 701008.0 901296.0 1101584.0 3104464.0 2403456.0 2103024.0 1502160.0 1802592.0 1702448.0 5307632.0 1101584.0 31845792.0 0.71176606505
1402016.0 1902736.0 1402016.0 1402016.0 1201728.0 1001440.0 1201728.0 3304752.0 1802592.0 2403456.0 1502160.0 1602304.0 1702448.0 3304752.0 1201728.0 30343632.0 0.71176606505
5407776.0 701008.0 1602304.0 1902736.0 1402016.0 2203168.0 1301872.0 2403456.0 1101584.0 1402016.0 1301872.0 1702448.0 1201728.0 1702448.0 1902736.0 31244928.0 0.71176606505
1201728.0 901296.0 1201728.0 2603744.0 1702448.0 1301872.0 1702448.0 3104464.0 1402016.0 2403456.0 2103024.0 1702448.0 1602304.0 5808352.0 1301872.0 36252128.0 0.71176606505
1201728.0 2303312.0 1201728.0 2303312.0 2002880.0 1101584.0 1402016.0 2904176.0 1702448.0 2002880.0 1602304.0 2002880.0 1402016.0 4005760.0 1301872.0 32546800.0 0.71176606505
1201728.0 1001440.0 1402016.0 1802592.0 1201728.0 1001440.0 1201728.0 2603744.0 1402016.0 1902736.0 1502160.0 1902736.0 1101584.0 3805472.0 1201728.0 28040320.0 0.71176606505
1402016.0 2002880.0 1802592.0 2002880.0 1502160.0 1201728.0 1101584.0 2804032.0 1602304.0 1902736.0 5107344.0 0.0 0.0 4506480.0 1402016.0 32446656.0 0.71176606505
1502160.0 1001440.0 1402016.0 1702448.0 1201728.0 1001440.0 1301872.0 2703888.0 1602304.0 2103024.0 1201728.0 2203168.0 1201728.0 2804032.0 1201728.0 28140464.0 0.71176606505
1101584.0 801152.0 1702448.0 1402016.0 901296.0 901296.0 1301872.0 2503600.0 1602304.0 1802592.0 1402016.0 1902736.0 1702448.0 2904176.0 1402016.0 27439456.0 0.71176606505
1301872.0 1001440.0 1402016.0 1902736.0 1502160.0 901296.0 1101584.0 2403456.0 1502160.0 1702448.0 1502160.0 2002880.0 1201728.0 3004320.0 1402016.0 27940176.0 0.71176606505
600864.0 3905616.0 1702448.0 1902736.0 1201728.0 1301872.0 1301872.0 2804032.0 1802592.0 2002880.0 2503600.0 6108784.0 1502160.0 4406336.0 1402016.0 39156304.0 0.71176606505
1402016.0 1001440.0 1702448.0 1802592.0 1201728.0 701008.0 1201728.0 2403456.0 1402016.0 1602304.0 1502160.0 1902736.0 1402016.0 3605184.0 1201728.0 27940176.0 0.71176606505
1201728.0 901296.0 1402016.0 1802592.0 1201728.0 1101584.0 1201728.0 2703888.0 1602304.0 2703888.0 3605184.0 5007200.0 1802592.0 4005760.0 1602304.0 36051840.0 0.71176606505
1402016.0 1001440.0 1602304.0 1702448.0 901296.0 1001440.0 901296.0 2603744.0 1402016.0 2203168.0 1402016.0 1902736.0 1602304.0 1502160.0 2103024.0 27239168.0 0.71176606505
701008.0 1101584.0 1301872.0 1902736.0 1101584.0 1201728.0 1001440.0 2804032.0 1301872.0 2002880.0 1602304.0 7510800.0 1602304.0 3304752.0 1902736.0 34349392.0 0.71176606505
1301872.0 901296.0 1101584.0 2002880.0 1101584.0 1001440.0 1301872.0 2403456.0 1201728.0 2303312.0 1101584.0 1802592.0 4506480.0 2203168.0 1301872.0 29342192.0 0.71176606505
1702448.0 500720.0 1602304.0 1602304.0 1502160.0 1201728.0 1402016.0 2804032.0 1201728.0 1902736.0 1001440.0 1802592.0 1702448.0 4105904.0 1602304.0 30043200.0 0.71176606505
1502160.0 2002880.0 1502160.0 1602304.0 1201728.0 801152.0 1502160.0 2403456.0 1301872.0 1902736.0 1201728.0 2002880.0 1502160.0 2904176.0 1101584.0 28741328.0 0.71176606505
1602304.0 1001440.0 1201728.0 2103024.0 901296.0 8111664.0 1702448.0 2804032.0 1702448.0 1602304.0 1502160.0 2103024.0 1402016.0 3605184.0 1802592.0 37453856.0 0.71176606505
1602304.0 2403456.0 1301872.0 1402016.0 901296.0 901296.0 1402016.0 2303312.0 1602304.0 2203168.0 1702448.0 2203168.0 1702448.0 8512240.0 1201728.0 35651264.0 0.71176606505
1602304.0 901296.0 1502160.0 2103024.0 1001440.0 1201728.0 1101584.0 2904176.0 1602304.0 2103024.0 1702448.0 2203168.0 1602304.0 2103024.0 1402016.0 29642624.0 0.71176606505
1602304.0 2403456.0 1201728.0 1802592.0 1001440.0 1402016.0 1502160.0 2603744.0 1802592.0 1802592.0 1802592.0 3304752.0 1802592.0 4306192.0 1201728.0 35551120.0 0.71176606505
1402016.0 1001440.0 1402016.0 1702448.0 701008.0 1101584.0 1201728.0 2703888.0 1101584.0 2103024.0 1502160.0 2403456.0 1201728.0 2804032.0 2603744.0 29442336.0 0.71176606505
1502160.0 2303312.0 1201728.0 2103024.0 1602304.0 2203168.0 1802592.0 2904176.0 1602304.0 2203168.0 2303312.0 2703888.0 1702448.0 1702448.0 1502160.0 34249248.0 0.71176606505
1201728.0 2103024.0 1902736.0 901296.0 1502160.0 901296.0 1201728.0 2603744.0 1902736.0 2103024.0 1402016.0 5007200.0 1702448.0 2804032.0 1402016.0 32847232.0 0.71176606505
1402016.0 901296.0 1702448.0 1602304.0 1402016.0 1402016.0 1301872.0 3104464.0 1802592.0 8812672.0 1502160.0 2203168.0 2303312.0 1902736.0 2403456.0 38054720.0 0.71176606505
1201728.0 1402016.0 1001440.0 2002880.0 1001440.0 1001440.0 1201728.0 2303312.0 1402016.0 1402016.0 1502160.0 3004320.0 1502160.0 2603744.0 1902736.0 31845792.0 0.71176606505
2403456.0 1602304.0 3004320.0 5207488.0 1201728.0 2403456.0 1402016.0 1301872.0 1802592.0 1502160.0 600864.0 1802592.0 1602304.0 2804032.0 1402016.0 32847232.0 0.71176606505
1001440.0 600864.0 1502160.0 1602304.0 1201728.0 1902736.0 1402016.0 1201728.0 1702448.0 1101584.0 500720.0 2403456.0 1402016.0 3304752.0 1402016.0 25136144.0 0.71176606505
600864.0 1502160.0 2203168.0 1802592.0 1201728.0 2203168.0 1502160.0 1301872.0 1702448.0 1502160.0 500720.0 1902736.0 1602304.0 1502160.0 1702448.0 25937296.0 0.71176606505
500720.0 901296.0 2203168.0 901296.0 1502160.0 1802592.0 1502160.0 1201728.0 1902736.0 1101584.0 200288.0 2904176.0 1402016.0 2403456.0 1201728.0 24435136.0 0.71176606505
600864.0 901296.0 2103024.0 1402016.0 901296.0 1702448.0 2403456.0 1702448.0 2203168.0 8912816.0 1301872.0 2203168.0 1902736.0 2703888.0 1802592.0 35050400.0 0.71176606505
400576.0 801152.0 2002880.0 1602304.0 1001440.0 2103024.0 1702448.0 1201728.0 1902736.0 1602304.0 3805472.0 2403456.0 1101584.0 1502160.0 1402016.0 27439456.0 0.71176606505
600864.0 1702448.0 500720.0 1402016.0 901296.0 6509360.0 1602304.0 2503600.0 2103024.0 2503600.0 1402016.0 2303312.0 2103024.0 2002880.0 1602304.0 32847232.0 0.71176606505
901296.0 801152.0 1402016.0 1602304.0 1001440.0 2103024.0 1902736.0 1402016.0 6609504.0 3605184.0 1201728.0 2303312.0 1502160.0 1702448.0 1201728.0 31945936.0 0.71176606505
701008.0 1702448.0 701008.0 1101584.0 901296.0 2002880.0 1802592.0 1301872.0 2904176.0 2904176.0 1101584.0 3505040.0 1402016.0 1702448.0 1502160.0 28340752.0 0.71176606505
500720.0 901296.0 1301872.0 1702448.0 901296.0 2203168.0 2103024.0 701008.0 2203168.0 1902736.0 701008.0 2503600.0 1201728.0 1502160.0 1201728.0 24535280.0 0.71176606505
