2002880.0 2203168.0 1502160.0 1201728.0 1802592.0 1902736.0 1201728.0 7310512.0 1902736.0 2503600.0 2603744.0 2904176.0 1301872.0 1101584.0 1502160.0 40858752.0 0.830690385388
2203168.0 2002880.0 2103024.0 1201728.0 1402016.0 2103024.0 1702448.0 3705328.0 1902736.0 2203168.0 3505040.0 4606624.0 1702448.0 1602304.0 1902736.0 37754288.0 0.830690385388
2303312.0 2002880.0 2403456.0 1502160.0 1702448.0 2203168.0 1402016.0 3104464.0 1902736.0 2103024.0 2303312.0 3204608.0 1902736.0 1101584.0 2403456.0 35350832.0 0.830690385388
2103024.0 2002880.0 1702448.0 1201728.0 1101584.0 2203168.0 1702448.0 3605184.0 1602304.0 1902736.0 2804032.0 3304752.0 1802592.0 1101584.0 2503600.0 36151984.0 0.830690385388
2303312.0 1902736.0 2103024.0 1702448.0 1502160.0 2303312.0 1402016.0 3505040.0 1902736.0 2203168.0 2804032.0 3404896.0 1602304.0 1502160.0 1802592.0 36051840.0 0.830690385388
2203168.0 2103024.0 1902736.0 1301872.0 1602304.0 1802592.0 1101584.0 3705328.0 1802592.0 1602304.0 2703888.0 3304752.0 1602304.0 1301872.0 2002880.0 34149104.0 0.830690385388
2403456.0 2403456.0 1602304.0 1502160.0 1402016.0 2103024.0 1702448.0 3104464.0 1602304.0 1702448.0 2603744.0 2503600.0 1201728.0 1502160.0 1902736.0 33247808.0 0.830690385388
2103024.0 2303312.0 1502160.0 1402016.0 1301872.0 2103024.0 1402016.0 3505040.0 2403456.0 1902736.0 2804032.0 3004320.0 1502160.0 1201728.0 1902736.0 34349392.0 0.830690385388
2603744.0 2303312.0 1602304.0 1301872.0 1702448.0 2203168.0 1201728.0 3204608.0 2203168.0 14020160.0 5608064.0 3404896.0 1602304.0 1201728.0 1702448.0 49170704.0 0.830690385388
2103024.0 1902736.0 1602304.0 1301872.0 1402016.0 2603744.0 1402016.0 3004320.0 2103024.0 2203168.0 3104464.0 8612384.0 1502160.0 1402016.0 2603744.0 40758608.0 0.830690385388
2203168.0 1802592.0 1201728.0 7110224.0 1902736.0 1702448.0 1402016.0 3104464.0 2403456.0 1402016.0 2804032.0 6909936.0 1402016.0 1702448.0 1702448.0 42761488.0 0.830690385388
2103024.0 2002880.0 1502160.0 1602304.0 1502160.0 2203168.0 1301872.0 3404896.0 2303312.0 1702448.0 3004320.0 3505040.0 3605184.0 1602304.0 1802592.0 38755728.0 0.830690385388
2002880.0 2203168.0 1301872.0 1402016.0 1201728.0 1902736.0 1602304.0 3404896.0 1702448.0 1502160.0 2403456.0 3204608.0 2303312.0 3605184.0 2804032.0 36552560.0 0.830690385388
2804032.0 2403456.0 2303312.0 1502160.0 1902736.0 10915696.0 1702448.0 3304752.0 1402016.0 2103024.0 2603744.0 3304752.0 1702448.0 1902736.0 1802592.0 46066240.0 0.830690385388
2203168.0 2203168.0 1902736.0 1502160.0 1301872.0 6709648.0 1402016.0 3705328.0 1802592.0 2203168.0 3004320.0 3905616.0 4806912.0 2904176.0 2603744.0 46566960.0 0.830690385388
2203168.0 2203168.0 2002880.0 1402016.0 1502160.0 2503600.0 1201728.0 3104464.0 1602304.0 1702448.0 3104464.0 3805472.0 2103024.0 1702448.0 1902736.0 35851552.0 0.830690385388
2503600.0 2103024.0 1602304.0 1702448.0 1702448.0 2303312.0 1602304.0 3404896.0 2002880.0 2303312.0 2904176.0 3204608.0 1802592.0 1001440.0 2503600.0 36953136.0 0.830690385388
2503600.0 1702448.0 1902736.0 1502160.0 1101584.0 2603744.0 1201728.0 3104464.0 1702448.0 1602304.0 2804032.0 2904176.0 1702448.0 1201728.0 1802592.0 32947376.0 0.830690385388
2603744.0 1902736.0 1702448.0 1201728.0 1301872.0 2203168.0 1201728.0 3304752.0 1602304.0 1602304.0 2403456.0 2904176.0 1502160.0 1502160.0 1902736.0 33047520.0 0.830690385388
2303312.0 2203168.0 1402016.0 1402016.0 1201728.0 2403456.0 1101584.0 3104464.0 1402016.0 1502160.0 2303312.0 3104464.0 901296.0 2203168.0 2503600.0 33448096.0 0.830690385388
2303312.0 1802592.0 1001440.0 1602304.0 1001440.0 2503600.0 2002880.0 3004320.0 2002880.0 1502160.0 2804032.0 6509360.0 1301872.0 1502160.0 1402016.0 36352272.0 0.830690385388
2203168.0 1802592.0 1201728.0 1502160.0 1402016.0 2303312.0 1201728.0 3104464.0 2103024.0 1201728.0 2603744.0 3304752.0 1402016.0 1502160.0 1602304.0 32546800.0 0.830690385388
2203168.0 1802592.0 1201728.0 1402016.0 1402016.0 2303312.0 1101584.0 3304752.0 2303312.0 1301872.0 2703888.0 5808352.0 1402016.0 1301872.0 1802592.0 35851552.0 0.830690385388
2403456.0 2303312.0 2703888.0 1602304.0 1502160.0 2303312.0 1201728.0 3104464.0 2103024.0 2203168.0 3304752.0 3304752.0 1702448.0 901296.0 1802592.0 36552560.0 0.830690385388
2103024.0 2103024.0 1101584.0 1502160.0 1101584.0 2403456.0 1502160.0 3204608.0 2403456.0 2303312.0 3905616.0 5107344.0 2103024.0 1802592.0 2103024.0 39556880.0 0.830690385388
2403456.0 1602304.0 3004320.0 5207488.0 1201728.0 2403456.0 1402016.0 1301872.0 1802592.0 1502160.0 600864.0 1802592.0 1602304.0 2804032.0 1402016.0 32847232.0 0.830690385388
1001440.0 600864.0 1502160.0 1602304.0 1201728.0 1902736.0 1402016.0 1201728.0 1702448.0 1101584.0 500720.0 2403456.0 1402016.0 3304752.0 1402016.0 25136144.0 0.830690385388
600864.0 1502160.0 2203168.0 1802592.0 1201728.0 2203168.0 1502160.0 1301872.0 1702448.0 1502160.0 500720.0 1902736.0 1602304.0 1502160.0 1702448.0 25937296.0 0.830690385388
500720.0 901296.0 2203168.0 901296.0 1502160.0 1802592.0 1502160.0 1201728.0 1902736.0 1101584.0 200288.0 2904176.0 1402016.0 2403456.0 1201728.0 24435136.0 0.830690385388
600864.0 901296.0 2103024.0 1402016.0 901296.0 1702448.0 2403456.0 1702448.0 2203168.0 8912816.0 1301872.0 2203168.0 1902736.0 2703888.0 1802592.0 35050400.0 0.830690385388
400576.0 801152.0 2002880.0 1602304.0 1001440.0 2103024.0 1702448.0 1201728.0 1902736.0 1602304.0 3805472.0 2403456.0 1101584.0 1502160.0 1402016.0 27439456.0 0.830690385388
600864.0 1702448.0 500720.0 1402016.0 901296.0 6509360.0 1602304.0 2503600.0 2103024.0 2503600.0 1402016.0 2303312.0 2103024.0 2002880.0 1602304.0 32847232.0 0.830690385388
901296.0 801152.0 1402016.0 1602304.0 1001440.0 2103024.0 1902736.0 1402016.0 6609504.0 3605184.0 1201728.0 2303312.0 1502160.0 1702448.0 1201728.0 31945936.0 0.830690385388
701008.0 1702448.0 701008.0 1101584.0 901296.0 2002880.0 1802592.0 1301872.0 2904176.0 2904176.0 1101584.0 3505040.0 1402016.0 1702448.0 1502160.0 28340752.0 0.830690385388
500720.0 901296.0 1301872.0 1702448.0 901296.0 2203168.0 2103024.0 701008.0 2203168.0 1902736.0 701008.0 2503600.0 1201728.0 1502160.0 1201728.0 24535280.0 0.830690385388
