1001440.0 500720.0 901296.0 1602304.0 1502160.0 2904176.0 1902736.0 1802592.0 1902736.0 1201728.0 500720.0 1402016.0 1201728.0 2103024.0 1201728.0 25636864.0 0.768596866723
1101584.0 500720.0 1101584.0 1502160.0 1301872.0 2103024.0 1702448.0 5908496.0 2804032.0 1402016.0 701008.0 11516560.0 1201728.0 3705328.0 801152.0 41259328.0 0.768596866723
1201728.0 701008.0 1402016.0 1702448.0 1201728.0 3505040.0 1902736.0 1702448.0 1902736.0 1201728.0 500720.0 1301872.0 1502160.0 1402016.0 1201728.0 25837152.0 0.768596866723
801152.0 600864.0 1902736.0 1301872.0 1402016.0 2002880.0 1301872.0 12217568.0 2804032.0 1101584.0 600864.0 1201728.0 1502160.0 1402016.0 1001440.0 37253568.0 0.768596866723
1201728.0 500720.0 1201728.0 1502160.0 1301872.0 1402016.0 1502160.0 1201728.0 1902736.0 901296.0 500720.0 1402016.0 1402016.0 1502160.0 901296.0 21430816.0 0.768596866723
1301872.0 500720.0 1502160.0 1101584.0 1502160.0 1101584.0 1301872.0 1101584.0 2002880.0 801152.0 500720.0 1502160.0 1101584.0 1502160.0 1001440.0 21130384.0 0.768596866723
1201728.0 500720.0 1502160.0 1101584.0 1201728.0 1402016.0 1702448.0 1702448.0 2804032.0 1201728.0 200288.0 1702448.0 901296.0 1602304.0 801152.0 23533840.0 0.768596866723
1101584.0 701008.0 1301872.0 801152.0 1602304.0 1101584.0 2002880.0 5107344.0 2303312.0 801152.0 600864.0 1101584.0 1602304.0 1902736.0 5107344.0 30043200.0 0.768596866723
701008.0 500720.0 1702448.0 1402016.0 1502160.0 3505040.0 1602304.0 2403456.0 2603744.0 1201728.0 200288.0 1502160.0 1402016.0 1101584.0 1001440.0 25436576.0 0.768596866723
1001440.0 701008.0 1101584.0 1201728.0 2002880.0 3204608.0 4506480.0 1101584.0 5507920.0 1201728.0 500720.0 1201728.0 1201728.0 1301872.0 1001440.0 34449536.0 0.768596866723
500720.0 500720.0 1301872.0 1201728.0 2904176.0 3705328.0 5507920.0 1402016.0 8111664.0 2403456.0 200288.0 1602304.0 2403456.0 4506480.0 1201728.0 40758608.0 0.768596866723
901296.0 300432.0 1802592.0 1001440.0 1602304.0 1902736.0 2203168.0 3104464.0 4606624.0 1001440.0 801152.0 1101584.0 701008.0 4506480.0 901296.0 29041760.0 0.768596866723
2403456.0 1602304.0 3004320.0 5207488.0 1201728.0 2403456.0 1402016.0 1301872.0 1802592.0 1502160.0 600864.0 1802592.0 1602304.0 2804032.0 1402016.0 32847232.0 0.768596866723
1001440.0 600864.0 1502160.0 1602304.0 1201728.0 1902736.0 1402016.0 1201728.0 1702448.0 1101584.0 500720.0 2403456.0 1402016.0 3304752.0 1402016.0 25136144.0 0.768596866723
600864.0 1502160.0 2203168.0 1802592.0 1201728.0 2203168.0 1502160.0 1301872.0 1702448.0 1502160.0 500720.0 1902736.0 1602304.0 1502160.0 1702448.0 25937296.0 0.768596866723
500720.0 901296.0 2203168.0 901296.0 1502160.0 1802592.0 1502160.0 1201728.0 1902736.0 1101584.0 200288.0 2904176.0 1402016.0 2403456.0 1201728.0 24435136.0 0.768596866723
600864.0 901296.0 2103024.0 1402016.0 901296.0 1702448.0 2403456.0 1702448.0 2203168.0 8912816.0 1301872.0 2203168.0 1902736.0 2703888.0 1802592.0 35050400.0 0.768596866723
400576.0 801152.0 2002880.0 1602304.0 1001440.0 2103024.0 1702448.0 1201728.0 1902736.0 1602304.0 3805472.0 2403456.0 1101584.0 1502160.0 1402016.0 27439456.0 0.768596866723
600864.0 1702448.0 500720.0 1402016.0 901296.0 6509360.0 1602304.0 2503600.0 2103024.0 2503600.0 1402016.0 2303312.0 2103024.0 2002880.0 1602304.0 32847232.0 0.768596866723
901296.0 801152.0 1402016.0 1602304.0 1001440.0 2103024.0 1902736.0 1402016.0 6609504.0 3605184.0 1201728.0 2303312.0 1502160.0 1702448.0 1201728.0 31945936.0 0.768596866723
701008.0 1702448.0 701008.0 1101584.0 901296.0 2002880.0 1802592.0 1301872.0 2904176.0 2904176.0 1101584.0 3505040.0 1402016.0 1702448.0 1502160.0 28340752.0 0.768596866723
500720.0 901296.0 1301872.0 1702448.0 901296.0 2203168.0 2103024.0 701008.0 2203168.0 1902736.0 701008.0 2503600.0 1201728.0 1502160.0 1201728.0 24535280.0 0.768596866723
