2703888.0 801152.0 3104464.0 3805472.0 1301872.0 4105904.0 5307632.0 3404896.0 2303312.0 4606624.0 500720.0 2103024.0 1201728.0 6309072.0 801152.0 46566960.0 0.688248807615
2703888.0 701008.0 1902736.0 2103024.0 1702448.0 4206048.0 701008.0 2904176.0 701008.0 2303312.0 701008.0 1702448.0 1402016.0 1201728.0 1902736.0 29943056.0 0.688248807615
2403456.0 801152.0 1201728.0 2203168.0 1001440.0 4105904.0 901296.0 2904176.0 1602304.0 2503600.0 600864.0 1702448.0 1201728.0 1502160.0 2203168.0 30443776.0 0.688248807615
2603744.0 701008.0 1402016.0 1402016.0 1201728.0 2002880.0 400576.0 2804032.0 1001440.0 1902736.0 500720.0 4506480.0 1402016.0 1201728.0 1402016.0 27739888.0 0.688248807615
2103024.0 600864.0 1602304.0 1702448.0 1301872.0 3004320.0 3705328.0 3605184.0 1402016.0 2804032.0 500720.0 2303312.0 1502160.0 1602304.0 2002880.0 33347952.0 0.688248807615
2403456.0 701008.0 1702448.0 1902736.0 1402016.0 4506480.0 701008.0 3104464.0 1301872.0 3004320.0 400576.0 2403456.0 1101584.0 1201728.0 1702448.0 30644064.0 0.688248807615
2303312.0 600864.0 901296.0 2103024.0 901296.0 4206048.0 1902736.0 3204608.0 1602304.0 2904176.0 600864.0 1902736.0 1301872.0 1301872.0 1602304.0 30944496.0 0.688248807615
2403456.0 701008.0 1201728.0 1902736.0 901296.0 2904176.0 500720.0 2603744.0 901296.0 2103024.0 500720.0 1902736.0 1001440.0 1301872.0 1001440.0 24935856.0 0.688248807615
1902736.0 901296.0 801152.0 1602304.0 801152.0 3705328.0 3004320.0 3004320.0 1502160.0 2804032.0 600864.0 2804032.0 1702448.0 1201728.0 1502160.0 30944496.0 0.688248807615
2002880.0 801152.0 1402016.0 1902736.0 701008.0 2303312.0 801152.0 2804032.0 1201728.0 3505040.0 1702448.0 2403456.0 901296.0 1201728.0 1702448.0 28641184.0 0.688248807615
2403456.0 1602304.0 3004320.0 5207488.0 1201728.0 2403456.0 1402016.0 1301872.0 1802592.0 1502160.0 600864.0 1802592.0 1602304.0 2804032.0 1402016.0 32847232.0 0.688248807615
1001440.0 600864.0 1502160.0 1602304.0 1201728.0 1902736.0 1402016.0 1201728.0 1702448.0 1101584.0 500720.0 2403456.0 1402016.0 3304752.0 1402016.0 25136144.0 0.688248807615
600864.0 1502160.0 2203168.0 1802592.0 1201728.0 2203168.0 1502160.0 1301872.0 1702448.0 1502160.0 500720.0 1902736.0 1602304.0 1502160.0 1702448.0 25937296.0 0.688248807615
500720.0 901296.0 2203168.0 901296.0 1502160.0 1802592.0 1502160.0 1201728.0 1902736.0 1101584.0 200288.0 2904176.0 1402016.0 2403456.0 1201728.0 24435136.0 0.688248807615
600864.0 901296.0 2103024.0 1402016.0 901296.0 1702448.0 2403456.0 1702448.0 2203168.0 8912816.0 1301872.0 2203168.0 1902736.0 2703888.0 1802592.0 35050400.0 0.688248807615
400576.0 801152.0 2002880.0 1602304.0 1001440.0 2103024.0 1702448.0 1201728.0 1902736.0 1602304.0 3805472.0 2403456.0 1101584.0 1502160.0 1402016.0 27439456.0 0.688248807615
600864.0 1702448.0 500720.0 1402016.0 901296.0 6509360.0 1602304.0 2503600.0 2103024.0 2503600.0 1402016.0 2303312.0 2103024.0 2002880.0 1602304.0 32847232.0 0.688248807615
901296.0 801152.0 1402016.0 1602304.0 1001440.0 2103024.0 1902736.0 1402016.0 6609504.0 3605184.0 1201728.0 2303312.0 1502160.0 1702448.0 1201728.0 31945936.0 0.688248807615
701008.0 1702448.0 701008.0 1101584.0 901296.0 2002880.0 1802592.0 1301872.0 2904176.0 2904176.0 1101584.0 3505040.0 1402016.0 1702448.0 1502160.0 28340752.0 0.688248807615
500720.0 901296.0 1301872.0 1702448.0 901296.0 2203168.0 2103024.0 701008.0 2203168.0 1902736.0 701008.0 2503600.0 1201728.0 1502160.0 1201728.0 24535280.0 0.688248807615
