 2403456 2103024 901296 1502160 1001440 1001440 1502160 2403456 1101584 1602304 2403456 2303312 1101584 1101584 1101584 30844352 1
 1902736 2002880 701008 1201728 701008 901296 901296 2403456 1001440 1201728 2103024 1902736 901296 1201728 1201728 22332112 1
 2603744 2103024 901296 1301872 1702448 1402016 1001440 2002880 1001440 1402016 2002880 2203168 701008 1301872 901296 25636864 1
 2303312 1902736 701008 1502160 701008 701008 1201728 2103024 901296 1502160 1902736 2103024 701008 1702448 1201728 24134704 1
 2203168 2002880 1301872 1702448 8211808 1402016 6809792 1502160 1702448 1101584 1902736 2203168 2804032 1201728 1402016 40658464 1
 2103024 2002880 400576 1602304 701008 1001440 1001440 2403456 701008 1301872 2203168 1902736 701008 1502160 400576 23033120 1
 2403456 2203168 801152 1301872 1001440 701008 1101584 2303312 1101584 1101584 2002880 1902736 701008 1101584 701008 22832832 1
 2103024 1902736 1001440 1602304 3104464 1502160 901296 2303312 1702448 5708208 2103024 2203168 600864 1502160 1201728 32246368 1
 2303312 2103024 1001440 1201728 500720 801152 1101584 1902736 801152 1301872 1902736 1902736 600864 1201728 901296 21731248 1
 2103024 1902736 1201728 1101584 801152 1201728 1201728 2103024 901296 2203168 2103024 1902736 901296 1201728 2203168 27239168 1
 2103024 1902736 1201728 1402016 1201728 901296 1001440 1902736 701008 1201728 1802592 2002880 600864 1201728 400576 22332112 1
 2103024 1902736 1201728 1201728 901296 701008 1201728 1902736 801152 1301872 1902736 2002880 1602304 1602304 1502160 24234848 1
 2503600 2203168 901296 1802592 500720 2804032 1101584 2503600 1101584 4105904 2203168 6809792 1502160 1502160 1402016 36852992 1
 2303312 1902736 1201728 1402016 1001440 901296 1702448 2804032 1001440 2303312 2403456 2403456 1402016 2603744 2103024 31044640 1
 4606624 1902736 901296 1502160 1402016 2904176 1201728 2603744 1201728 1702448 2403456 4506480 2002880 2804032 1201728 37554000 1
 2103024 2203168 1201728 1301872 701008 1502160 1902736 2804032 1001440 1402016 2403456 2103024 1201728 1602304 1702448 27840032 1
 2904176 2103024 801152 1301872 901296 1301872 1001440 2503600 1001440 1702448 2103024 2203168 1001440 1001440 1101584 25937296 1
 2403456 2103024 901296 1502160 701008 901296 1201728 2603744 701008 1402016 2203168 2303312 701008 1702448 2203168 27739888 1
 2303312 2002880 901296 1301872 1001440 1201728 1201728 2703888 901296 1602304 2103024 2503600 1602304 1802592 4806912 30644064 1
 2403456 1902736 1001440 1301872 701008 801152 1402016 2403456 701008 1402016 2103024 2403456 1201728 1402016 1702448 25436576 1
 2203168 2103024 701008 1201728 701008 1001440 1602304 2303312 901296 1402016 3605184 2303312 1201728 1201728 1201728 27940176 1
 1902736 2002880 1101584 1201728 701008 901296 3905616 2503600 801152 1602304 1902736 1902736 1201728 901296 1502160 28040320 1
 2203168 2203168 801152 1402016 801152 901296 901296 2203168 1201728 1201728 2203168 2103024 801152 1602304 801152 24334992 1
 2103024 2103024 701008 1702448 701008 1001440 901296 2303312 1001440 1201728 2103024 2103024 1201728 1201728 1201728 24635424 1
 2303312 2002880 1201728 1702448 901296 1101584 1001440 3004320 901296 1502160 2103024 2103024 1201728 1201728 1201728 28040320 1
 2103024 2103024 600864 1802592 1201728 1101584 1902736 2203168 1001440 1402016 2103024 2403456 901296 1502160 1101584 26538160 1
 2002880 2103024 1101584 1402016 901296 1101584 901296 2703888 600864 1502160 2203168 1902736 901296 1201728 1001440 24835712 1
 2403456 2103024 1402016 1902736 801152 1201728 1101584 2403456 901296 1502160 2002880 2203168 1001440 1902736 1602304 27739888 1
 2203168 1902736 1001440 1402016 1001440 1602304 1502160 2603744 1602304 2103024 2103024 2203168 1101584 1402016 1101584 32446656 1
 2403456 1902736 701008 1402016 1001440 901296 1201728 2403456 901296 1201728 2203168 2303312 901296 1502160 1201728 25136144 1
 2103024 1802592 801152 1602304 801152 1201728 1001440 2303312 901296 1101584 2103024 2002880 801152 1402016 1001440 24535280 1
 1902736 1902736 1001440 1502160 1001440 1402016 1001440 2303312 1001440 2403456 14220448 4206048 701008 1502160 701008 39356592 1
 2002880 2002880 600864 1502160 600864 1001440 1001440 2203168 801152 1402016 2303312 2303312 1001440 1602304 801152 24034560 1
 2603744 0 14520880 2303312 1402016 2603744 1201728 2203168 1402016 1201728 2103024 1902736 901296 1402016 801152 39356592 1
 2303312 1902736 701008 1402016 901296 701008 1001440 2503600 901296 1402016 2103024 2103024 1201728 1101584 1101584 24635424 1
 2203168 1902736 801152 1201728 801152 901296 1001440 2403456 901296 1201728 1902736 2103024 701008 1402016 1001440 23033120 1
 2103024 1802592 1001440 1101584 1001440 1502160 1602304 2303312 1001440 1402016 2303312 2303312 901296 1602304 901296 25837152 1
 2103024 1902736 1001440 1402016 1201728 1101584 1702448 2403456 901296 1402016 2203168 2103024 1001440 1602304 901296 26337872 1
 2103024 2002880 1201728 1602304 1001440 1301872 1802592 2503600 1001440 1802592 2703888 2203168 1101584 1502160 1101584 29442336 1
 2203168 2002880 1001440 1702448 901296 1201728 1402016 2403456 1402016 2103024 2904176 2603744 1001440 1301872 1001440 29943056 1
 2203168 2603744 1301872 1602304 801152 1402016 1001440 2203168 1101584 1301872 2203168 2303312 1001440 1602304 1101584 30644064 1
 2103024 1902736 801152 1602304 1001440 1101584 701008 2403456 1001440 1402016 2103024 2203168 701008 1902736 1001440 26838592 1
 2603744 1902736 801152 1502160 1001440 1201728 2002880 2403456 1101584 1402016 2103024 2303312 901296 1402016 1101584 30844352 1
 2403456 1902736 1101584 1402016 801152 1602304 801152 2804032 5507920 2503600 1902736 2203168 701008 1602304 701008 31345072 1
 2303312 1902736 1101584 1402016 1101584 1301872 2403456 2303312 1101584 1402016 2103024 2203168 1001440 1402016 1101584 31244928 1
 2103024 1902736 1001440 1201728 701008 901296 901296 2203168 1402016 1702448 2303312 2203168 1001440 1101584 801152 30243488 1
 2203168 2002880 1001440 1402016 901296 901296 1301872 1802592 1201728 1101584 2303312 2103024 1201728 1602304 1001440 25236288 1
 2103024 1902736 1001440 1201728 701008 901296 901296 2203168 1201728 1201728 2303312 2403456 1201728 1402016 701008 24134704 1
 2503600 2203168 1502160 1902736 1201728 1402016 1902736 2804032 1402016 4406336 3404896 3004320 1201728 1902736 1702448 36352272 1
 2603744 1902736 1602304 2503600 1402016 1402016 1402016 3304752 1702448 1201728 2303312 2403456 701008 1702448 1602304 32046080 1
 1902736 600864 1502160 701008 1201728 2303312 200288 2703888 1702448 1402016 1402016 1201728 400576 2203168 701008 23934416 0
 1902736 801152 1402016 801152 1001440 2002880 801152 2203168 1602304 1402016 1301872 1301872 200288 2103024 901296 23333552 0
 1902736 701008 1201728 1001440 901296 2103024 500720 2603744 1101584 1702448 1101584 1101584 901296 1502160 1301872 23533840 0
 2103024 701008 1101584 1101584 901296 2203168 801152 2203168 1902736 1402016 1301872 901296 600864 1802592 1301872 25937296 0
 2103024 701008 1502160 1201728 701008 1802592 801152 2303312 1502160 1702448 1101584 1402016 1101584 1802592 701008 24435136 0
 1702448 701008 1101584 901296 701008 2002880 500720 2303312 901296 1802592 801152 1201728 701008 1602304 1001440 21130384 0
 2203168 500720 1301872 1201728 701008 2203168 701008 2103024 1201728 1702448 901296 1301872 400576 1602304 1001440 22632544 0
 1802592 600864 1301872 701008 1101584 2103024 801152 2203168 2002880 1702448 1101584 1402016 901296 1402016 1201728 23633984 0
 1902736 701008 1201728 1201728 600864 2203168 500720 2103024 1502160 1602304 901296 1201728 500720 1702448 1201728 22031680 0
 1902736 801152 1301872 701008 1201728 1902736 600864 2103024 1101584 1602304 1201728 1201728 400576 1702448 1001440 22031680 0
 1902736 701008 1001440 801152 1001440 1902736 500720 2603744 901296 1902736 1001440 1201728 500720 1602304 901296 22031680 0
 2002880 801152 701008 1001440 1001440 1802592 701008 2002880 1001440 1502160 1101584 901296 300432 1902736 600864 20529520 0
 1902736 701008 1402016 1001440 1201728 1301872 1001440 2103024 1001440 1702448 901296 1201728 0 2103024 701008 21631104 0
 1802592 701008 1602304 1001440 1101584 1702448 901296 1802592 1201728 1402016 1201728 1001440 600864 1902736 1001440 22231968 0
 1902736 701008 1201728 901296 1201728 1502160 1201728 1802592 1201728 1402016 1201728 1001440 0 2303312 300432 21631104 0
 2002880 701008 1101584 901296 1001440 1802592 600864 2103024 1001440 1502160 1101584 901296 300432 2203168 600864 21530960 0
 2203168 500720 1101584 801152 801152 2002880 400576 2002880 1402016 1402016 1402016 500720 901296 1702448 1001440 21130384 0
 1502160 801152 1402016 901296 1101584 2103024 500720 2403456 1402016 1702448 1201728 1101584 1001440 1802592 1502160 26638304 0
