 1201728 801152 1802592 1402016 4406336 4606624 1802592 1201728 2403456 2303312 2103024 2203168 8612384 2804032 1602304 42861632 1
 1902736 901296 2403456 1402016 1201728 5007200 18927216 2403456 2804032 2203168 1402016 9012960 1402016 1902736 1402016 57682944 1
 1101584 2002880 1902736 1001440 1201728 3104464 2002880 1902736 2703888 2002880 1101584 2804032 3605184 8311952 1502160 48269408 1
 1602304 2002880 1902736 1201728 1402016 3304752 2403456 1301872 2403456 2203168 1702448 2503600 2403456 3304752 1201728 33948816 1
 1402016 1902736 1802592 1301872 1101584 3605184 2103024 1402016 2403456 2703888 2203168 2703888 1702448 1702448 1402016 32046080 1
 2603744 3104464 2103024 1201728 1201728 2804032 1902736 1502160 4005760 5608064 2002880 3104464 1602304 3304752 1201728 40057600 1
 2303312 1502160 2603744 1602304 1101584 3004320 1702448 1301872 2403456 2303312 1502160 2203168 2303312 4306192 1702448 34549680 1
 1201728 901296 1902736 1201728 1201728 4206048 1902736 1902736 2403456 2103024 1702448 2203168 2303312 3605184 1402016 32747088 1
 1602304 1702448 1502160 1402016 901296 2904176 1702448 1402016 2203168 2002880 1101584 4606624 1702448 1602304 1201728 29842912 1
 1402016 2103024 1602304 1502160 901296 2904176 1902736 1602304 2203168 2103024 2603744 3605184 1802592 3404896 901296 33147664 1
 2002880 14821312 1702448 1702448 1201728 3204608 1802592 1702448 2303312 1802592 1402016 2103024 1502160 1402016 1201728 42461056 1
 1502160 1802592 1702448 1602304 1001440 3805472 1602304 1902736 2103024 1201728 1201728 2403456 1402016 4306192 901296 31044640 1
 1201728 7010080 2103024 1301872 1001440 3104464 1402016 1902736 2403456 1602304 1201728 2603744 2603744 3805472 1802592 37754288 1
 3505040 2103024 2904176 1702448 1101584 3304752 2203168 1702448 2603744 2103024 1001440 7010080 1201728 2002880 1402016 39156304 1
 2403456 1201728 2002880 1702448 1201728 3505040 1702448 2703888 2503600 2203168 1201728 2403456 1902736 4206048 1201728 35050400 1
 2103024 2103024 1902736 1301872 1201728 2804032 1702448 1502160 2303312 1802592 901296 2503600 1101584 3404896 1402016 30844352 1
 2203168 1201728 1802592 1201728 1201728 3605184 2103024 1902736 2403456 2103024 1902736 3404896 1602304 3805472 1201728 35150544 1
 2203168 1402016 1502160 1602304 1101584 3404896 1702448 1201728 2904176 2002880 901296 2203168 1802592 2904176 901296 30543920 1
 2203168 1201728 2503600 1201728 1201728 3304752 1902736 1902736 2403456 1402016 901296 6008640 1602304 1902736 1001440 33247808 1
 1802592 1101584 2703888 1702448 600864 3004320 2002880 1502160 2403456 1802592 1402016 2103024 3104464 3605184 1101584 32246368 1
 2603744 901296 4506480 1702448 1201728 4406336 1702448 2403456 3104464 1902736 1201728 2103024 1101584 2403456 801152 34649824 1
 2203168 1602304 2002880 1502160 901296 3404896 2002880 1001440 2904176 3104464 1301872 2002880 1602304 3004320 1802592 33247808 1
 1702448 2203168 1301872 1502160 1201728 3605184 1802592 1902736 2603744 1602304 1201728 8311952 1001440 1902736 300432 34149104 1
 2303312 1702448 3404896 2002880 1201728 2804032 1902736 1702448 2203168 3605184 1802592 1301872 5507920 1902736 1301872 37253568 1
 2303312 1502160 1402016 1702448 901296 4005760 1902736 1201728 1902736 2103024 1201728 2103024 1001440 5007200 1101584 32246368 1
 1702448 1702448 2804032 1502160 1001440 3004320 1802592 8111664 2804032 2904176 901296 2002880 1101584 1702448 901296 36953136 1
 2103024 1902736 2804032 1902736 1201728 3805472 1702448 1602304 2403456 1902736 901296 2403456 1201728 4005760 901296 33147664 1
 1802592 1602304 1702448 1502160 1001440 3805472 1502160 1802592 2203168 1502160 701008 7911376 1402016 4105904 1201728 36252128 1
 1902736 1201728 1702448 1301872 1502160 3505040 1702448 1402016 1702448 1402016 701008 1902736 901296 2203168 901296 26137584 1
 1802592 1502160 3004320 1502160 1201728 2503600 1902736 1001440 1702448 1802592 1001440 11917136 701008 3505040 901296 38655584 1
 1502160 200288 2503600 1502160 1702448 4406336 1502160 2403456 1301872 2904176 1201728 3505040 1001440 2103024 1001440 31244928 1
 2103024 1301872 3204608 1301872 4406336 2603744 2103024 2303312 2203168 1301872 901296 2203168 701008 7110224 1101584 37453856 1
 2103024 1502160 2804032 1201728 1201728 3204608 1502160 1402016 1902736 2103024 1201728 2403456 1201728 2303312 701008 29442336 1
 1602304 1602304 1502160 1802592 1301872 3204608 1802592 2103024 2503600 2002880 1101584 2303312 1301872 1802592 701008 28841472 1
 2103024 1001440 1902736 1101584 1201728 4105904 1602304 1702448 1402016 1902736 1001440 2303312 1201728 2203168 0 27139024 1
 2403456 1402016 2403456 1402016 1001440 3304752 2303312 1502160 2103024 1502160 1301872 2203168 1402016 3304752 1201728 31845792 1
 2002880 1602304 2203168 1402016 1101584 3605184 1602304 1902736 2403456 1902736 901296 1902736 1502160 2904176 901296 30543920 1
 2002880 1502160 2603744 1702448 1602304 3404896 2103024 1101584 2203168 1902736 1402016 2804032 1502160 2603744 1101584 32446656 1
 1802592 1602304 2203168 1602304 801152 3404896 2203168 1502160 2403456 2002880 600864 2303312 1502160 4506480 1301872 32646944 1
 1201728 1602304 1702448 1602304 1402016 2904176 1602304 1702448 2203168 2804032 1402016 2904176 1902736 1602304 1702448 31044640 1
 0 901296 2303312 1502160 1201728 2804032 1502160 1802592 2002880 1502160 600864 4206048 2303312 3204608 1802592 30644064 1
 2603744 1201728 2103024 1201728 1402016 2904176 2103024 1201728 1902736 1902736 1402016 2603744 2103024 3404896 1201728 32046080 1
 2303312 1301872 2804032 1301872 1301872 3004320 1602304 2002880 2403456 2002880 600864 4306192 1602304 2804032 1001440 32847232 1
 2403456 1101584 1902736 1402016 1001440 2804032 1402016 1502160 1902736 1602304 1902736 2904176 1402016 3104464 701008 29842912 1
 2203168 1502160 2303312 1902736 1502160 3004320 2002880 1602304 2403456 1802592 901296 2103024 1502160 3404896 1201728 31945936 1
 2103024 1402016 3605184 1802592 2203168 3104464 1802592 1702448 2203168 1402016 1602304 1902736 1702448 1702448 901296 31745648 1
 2103024 1301872 3204608 1201728 1201728 2804032 1602304 1301872 2103024 1902736 12017280 5507920 1702448 4606624 901296 45865952 1
 1902736 400576 15422176 1402016 1902736 3805472 2403456 1402016 1902736 1402016 1201728 2203168 1602304 3304752 3605184 46466816 1
 2203168 1802592 1902736 1902736 1301872 3605184 2403456 1402016 2403456 2503600 1301872 2002880 2103024 3204608 1201728 34048960 1
 1902736 1201728 1702448 1602304 1201728 3404896 1802592 2403456 2103024 2603744 1702448 2103024 1502160 1902736 901296 31345072 1
 1902736 600864 1502160 701008 1201728 2303312 200288 2703888 1702448 1402016 1402016 1201728 400576 2203168 701008 23934416 0
 1902736 801152 1402016 801152 1001440 2002880 801152 2203168 1602304 1402016 1301872 1301872 200288 2103024 901296 23333552 0
 1902736 701008 1201728 1001440 901296 2103024 500720 2603744 1101584 1702448 1101584 1101584 901296 1502160 1301872 23533840 0
 2103024 701008 1101584 1101584 901296 2203168 801152 2203168 1902736 1402016 1301872 901296 600864 1802592 1301872 25937296 0
 2103024 701008 1502160 1201728 701008 1802592 801152 2303312 1502160 1702448 1101584 1402016 1101584 1802592 701008 24435136 0
 1702448 701008 1101584 901296 701008 2002880 500720 2303312 901296 1802592 801152 1201728 701008 1602304 1001440 21130384 0
 2203168 500720 1301872 1201728 701008 2203168 701008 2103024 1201728 1702448 901296 1301872 400576 1602304 1001440 22632544 0
 1802592 600864 1301872 701008 1101584 2103024 801152 2203168 2002880 1702448 1101584 1402016 901296 1402016 1201728 23633984 0
 1902736 701008 1201728 1201728 600864 2203168 500720 2103024 1502160 1602304 901296 1201728 500720 1702448 1201728 22031680 0
 1902736 801152 1301872 701008 1201728 1902736 600864 2103024 1101584 1602304 1201728 1201728 400576 1702448 1001440 22031680 0
 1902736 701008 1001440 801152 1001440 1902736 500720 2603744 901296 1902736 1001440 1201728 500720 1602304 901296 22031680 0
 2002880 801152 701008 1001440 1001440 1802592 701008 2002880 1001440 1502160 1101584 901296 300432 1902736 600864 20529520 0
 1902736 701008 1402016 1001440 1201728 1301872 1001440 2103024 1001440 1702448 901296 1201728 0 2103024 701008 21631104 0
 1802592 701008 1602304 1001440 1101584 1702448 901296 1802592 1201728 1402016 1201728 1001440 600864 1902736 1001440 22231968 0
 1902736 701008 1201728 901296 1201728 1502160 1201728 1802592 1201728 1402016 1201728 1001440 0 2303312 300432 21631104 0
 2002880 701008 1101584 901296 1001440 1802592 600864 2103024 1001440 1502160 1101584 901296 300432 2203168 600864 21530960 0
 2203168 500720 1101584 801152 801152 2002880 400576 2002880 1402016 1402016 1402016 500720 901296 1702448 1001440 21130384 0
 1502160 801152 1402016 901296 1101584 2103024 500720 2403456 1402016 1702448 1201728 1101584 1001440 1802592 1502160 26638304 0
