 2203168 3705328 5507920 4206048 3204608 2804032 2904176 11216128 1602304 2503600 4406336 3605184 3605184 4005760 3204608 90329888 1
 1802592 7811232 8612384 4005760 1602304 2403456 1602304 10014400 2203168 2103024 4005760 2804032 2904176 3104464 3104464 64893312 1
 3605184 3805472 2303312 4406336 3605184 3304752 3505040 3705328 2002880 2203168 4005760 4005760 1902736 2804032 2904176 57182224 1
 2603744 8512240 2603744 3605184 4907056 11216128 8211808 4105904 3805472 2804032 2804032 3404896 5407776 3404896 4005760 76810448 1
 1802592 2603744 3104464 1502160 2403456 4206048 2904176 24835712 4406336 2603744 2503600 4306192 2703888 3004320 3505040 75007856 1
 1602304 2403456 3805472 1702448 1902736 2904176 1502160 5107344 1602304 2103024 2002880 1802592 2103024 3204608 4005760 43362352 1
 5007200 2503600 2303312 1301872 2103024 2002880 1802592 3705328 2403456 2603744 5407776 3404896 1602304 1802592 2804032 48469696 1
 1902736 1502160 3304752 1201728 4706768 3304752 2203168 3304752 2403456 1602304 2103024 2603744 2603744 2603744 3905616 43963216 1
 1502160 1402016 3004320 1702448 2002880 1802592 3104464 5107344 3605184 1702448 1802592 3004320 1902736 2303312 5107344 47267968 1
 1602304 1201728 4306192 1402016 2103024 3104464 1402016 3304752 1902736 1902736 1602304 2203168 1902736 1902736 5007200 39757168 1
 1802592 1402016 2703888 1402016 2002880 3004320 2904176 4606624 2303312 2303312 3505040 3004320 2703888 2403456 3004320 58484096 1
 1902736 1802592 3004320 1602304 10615264 2603744 3004320 4005760 2503600 2403456 2403456 3204608 2303312 2603744 3404896 54077760 1
 1902736 1402016 3805472 1702448 3004320 3104464 2203168 3204608 2904176 2303312 2403456 2403456 4706768 2904176 2804032 45565520 1
 2002880 1502160 3805472 1802592 3004320 2804032 1902736 3404896 2103024 1802592 2203168 2403456 2603744 2603744 3004320 41960336 1
 6409216 2703888 2603744 2703888 5007200 4306192 2904176 15822752 500720 29141904 3304752 3805472 2303312 3204608 2904176 95236944 1
 1902736 2303312 5307632 3705328 4406336 3505040 2603744 4005760 11616704 3304752 2703888 3004320 2904176 3004320 2403456 70200944 1
 1702448 2303312 3304752 1602304 4105904 8612384 0 5207488 2103024 4406336 14320592 5107344 2503600 3404896 2403456 69600080 1
 2203168 2503600 3605184 1702448 2303312 4105904 3505040 3605184 4005760 14220448 2603744 3805472 1902736 3605184 2603744 70200944 1
 1702448 1802592 8011520 1702448 3304752 3505040 2603744 3304752 3204608 2904176 3304752 3104464 1902736 2703888 3905616 54378192 1
 2203168 2002880 2904176 1902736 2103024 3404896 1902736 3004320 1902736 2403456 2103024 1902736 3404896 2503600 4606624 42761488 1
 2303312 2203168 3104464 2002880 2804032 1902736 1702448 5507920 2904176 2804032 2203168 3404896 2002880 3004320 4606624 47768688 1
 1902736 5708208 2203168 1902736 2103024 1602304 1902736 3204608 3204608 3104464 2103024 2403456 1502160 2103024 3004320 42961776 1
 1201728 2103024 2904176 1502160 2303312 1802592 2002880 2804032 5307632 0 1201728 2804032 3204608 2503600 3705328 39857312 1
 1902736 1602304 3605184 1902736 1902736 2103024 1602304 2703888 1802592 2203168 4706768 4105904 2403456 3204608 2703888 43162064 1
 1702448 1902736 3204608 1201728 1902736 3705328 9213248 7811232 1702448 2103024 2203168 2603744 1802592 2804032 2503600 50873152 1
 1402016 1502160 2603744 1101584 1902736 1902736 1502160 2804032 2403456 1602304 2403456 2603744 2203168 2303312 3304752 36051840 1
 2002880 3204608 3805472 2603744 10515120 3304752 2103024 5708208 4606624 3104464 3004320 2904176 2804032 3705328 3705328 64592880 1
 1702448 2804032 4306192 2603744 2103024 2203168 2303312 4606624 2503600 2203168 3304752 2804032 1902736 3605184 2804032 46266528 1
 1702448 2904176 3304752 2303312 5007200 3104464 2503600 3705328 2203168 2002880 2703888 11816992 2904176 2804032 2603744 59084960 1
 1402016 2103024 4306192 1802592 2403456 2203168 1702448 6809792 2804032 2203168 2103024 2603744 1702448 3505040 3104464 46667104 1
 1702448 2002880 2603744 2103024 2203168 1702448 1702448 3004320 1902736 2804032 3605184 3004320 2503600 2603744 3304752 46767248 1
 200288 1402016 2403456 2103024 2403456 2403456 1802592 3404896 2303312 3304752 2904176 2603744 2103024 2403456 3104464 40257888 1
 1602304 1702448 2503600 1502160 2203168 2103024 1902736 3204608 2002880 2303312 2603744 7911376 2303312 3204608 3304752 45565520 1
 1702448 1402016 3505040 1201728 1702448 2203168 1602304 2804032 2203168 2303312 2403456 2203168 2002880 2403456 2904176 37253568 1
 2002880 1502160 2303312 1201728 2503600 2002880 1702448 2703888 2002880 1902736 2203168 2002880 2203168 2002880 2703888 36051840 1
 1001440 1902736 2303312 1201728 2103024 1502160 1802592 3404896 2403456 2002880 2203168 2203168 1802592 3104464 5007200 38956016 1
 1602304 1502160 2904176 1602304 3204608 3104464 1802592 3404896 1902736 2002880 1902736 2403456 3505040 2603744 2603744 40758608 1
 1201728 1602304 3104464 1201728 2103024 2103024 1702448 2904176 2303312 3605184 2303312 3104464 1902736 3304752 3104464 43562640 1
 2203168 4206048 6709648 5307632 5007200 2603744 3705328 8412096 5207488 6008640 4306192 5808352 3104464 4105904 3905616 82518656 1
 1702448 2103024 4506480 2603744 2904176 2303312 2904176 3304752 3104464 2603744 2804032 2603744 1702448 1902736 3004320 44463936 1
 1902736 3204608 3505040 1602304 2804032 2103024 2503600 4005760 2303312 2904176 10214688 3905616 2002880 2804032 2703888 55179344 1
 1402016 1702448 3505040 1702448 2203168 2103024 1602304 3104464 2804032 2703888 1902736 2303312 1702448 2103024 3805472 39156304 1
 1502160 1902736 7410656 3605184 4105904 2703888 2703888 3605184 2403456 3304752 2403456 3104464 1902736 2703888 3805472 52074880 1
 1402016 1502160 3004320 1702448 1902736 2503600 1702448 3104464 2103024 2603744 2002880 2503600 1702448 2603744 4706768 44864512 1
 1402016 1502160 3204608 1702448 2203168 2403456 1902736 3304752 2103024 2703888 2804032 3505040 3004320 2703888 2703888 42160624 1
 8912816 2703888 20329232 6409216 17124624 5708208 3304752 3605184 3104464 3004320 1902736 2804032 21631104 7610944 2603744 115766464 1
 1201728 1402016 3204608 1301872 2002880 2603744 1802592 3104464 2703888 2603744 2203168 3304752 2503600 2904176 2603744 40758608 1
 1402016 1201728 3004320 1201728 2002880 2103024 1402016 2904176 3204608 2703888 1902736 2303312 1402016 2203168 3104464 37253568 1
 1602304 1702448 2603744 1301872 2103024 2603744 1702448 3004320 2103024 2303312 2103024 3805472 2804032 2703888 3304752 41159184 1
 1602304 1201728 3104464 1402016 1702448 2103024 1502160 3004320 3104464 2403456 2103024 2403456 1902736 3004320 4105904 39857312 1
 1902736 600864 1502160 701008 1201728 2303312 200288 2703888 1702448 1402016 1402016 1201728 400576 2203168 701008 23934416 0
 1902736 801152 1402016 801152 1001440 2002880 801152 2203168 1602304 1402016 1301872 1301872 200288 2103024 901296 23333552 0
 1902736 701008 1201728 1001440 901296 2103024 500720 2603744 1101584 1702448 1101584 1101584 901296 1502160 1301872 23533840 0
 2103024 701008 1101584 1101584 901296 2203168 801152 2203168 1902736 1402016 1301872 901296 600864 1802592 1301872 25937296 0
 2103024 701008 1502160 1201728 701008 1802592 801152 2303312 1502160 1702448 1101584 1402016 1101584 1802592 701008 24435136 0
 1702448 701008 1101584 901296 701008 2002880 500720 2303312 901296 1802592 801152 1201728 701008 1602304 1001440 21130384 0
 2203168 500720 1301872 1201728 701008 2203168 701008 2103024 1201728 1702448 901296 1301872 400576 1602304 1001440 22632544 0
 1802592 600864 1301872 701008 1101584 2103024 801152 2203168 2002880 1702448 1101584 1402016 901296 1402016 1201728 23633984 0
 1902736 701008 1201728 1201728 600864 2203168 500720 2103024 1502160 1602304 901296 1201728 500720 1702448 1201728 22031680 0
 1902736 801152 1301872 701008 1201728 1902736 600864 2103024 1101584 1602304 1201728 1201728 400576 1702448 1001440 22031680 0
 1902736 701008 1001440 801152 1001440 1902736 500720 2603744 901296 1902736 1001440 1201728 500720 1602304 901296 22031680 0
 2002880 801152 701008 1001440 1001440 1802592 701008 2002880 1001440 1502160 1101584 901296 300432 1902736 600864 20529520 0
 1902736 701008 1402016 1001440 1201728 1301872 1001440 2103024 1001440 1702448 901296 1201728 0 2103024 701008 21631104 0
 1802592 701008 1602304 1001440 1101584 1702448 901296 1802592 1201728 1402016 1201728 1001440 600864 1902736 1001440 22231968 0
 1902736 701008 1201728 901296 1201728 1502160 1201728 1802592 1201728 1402016 1201728 1001440 0 2303312 300432 21631104 0
 2002880 701008 1101584 901296 1001440 1802592 600864 2103024 1001440 1502160 1101584 901296 300432 2203168 600864 21530960 0
 2203168 500720 1101584 801152 801152 2002880 400576 2002880 1402016 1402016 1402016 500720 901296 1702448 1001440 21130384 0
 1502160 801152 1402016 901296 1101584 2103024 500720 2403456 1402016 1702448 1201728 1101584 1001440 1802592 1502160 26638304 0
