 1802592 1602304 2303312 1602304 6309072 1802592 1702448 3905616 1802592 2403456 1502160 2503600 1402016 2103024 1602304 37253568 1
 2103024 2403456 4206048 2403456 1201728 2403456 1101584 3404896 1402016 1902736 1602304 2403456 1702448 2303312 1502160 35150544 1
 1802592 1602304 2103024 1702448 1301872 2103024 1301872 2904176 1301872 2303312 1602304 2203168 1502160 2002880 2103024 30644064 1
 2103024 1602304 1902736 2403456 1402016 3605184 1402016 2804032 1402016 2703888 1702448 2503600 1902736 1702448 1802592 34149104 1
 1702448 1502160 1802592 1802592 1702448 2103024 1301872 3605184 1101584 2703888 1602304 2503600 1402016 1402016 1802592 30844352 1
 1902736 1402016 5207488 2403456 1402016 1902736 901296 3104464 1402016 2403456 1702448 3304752 1602304 3605184 1602304 37253568 1
 2203168 1402016 1702448 1301872 1702448 2103024 1301872 8512240 1702448 2002880 1402016 7410656 1502160 4406336 1301872 42861632 1
 1902736 1402016 1702448 1702448 1802592 4806912 1602304 2904176 2103024 2303312 1702448 2603744 1702448 1101584 2203168 34649824 1
 1902736 4806912 2703888 2103024 1902736 1702448 1201728 3905616 1502160 2503600 1702448 2603744 1502160 1702448 1702448 36652704 1
 2203168 1602304 2603744 3404896 1301872 1902736 1001440 3104464 1402016 2103024 1702448 2303312 1502160 1402016 1402016 32246368 1
 1301872 1602304 1502160 1402016 1702448 1802592 1301872 3104464 1602304 1402016 1502160 2203168 1502160 1301872 1902736 28040320 1
 2603744 1702448 1502160 1802592 1201728 2403456 1001440 2703888 1502160 1902736 1201728 3004320 1502160 1402016 1702448 30143344 1
 1201728 1402016 1201728 4206048 9814112 3505040 1301872 4506480 1301872 4506480 1201728 2804032 1402016 2703888 1402016 45565520 1
 1902736 1702448 2303312 2403456 1602304 1702448 1201728 4306192 1101584 2002880 1101584 2403456 901296 1702448 2603744 32046080 1
 11816992 1802592 2103024 1602304 2904176 1702448 901296 4306192 1101584 2303312 1301872 2904176 3705328 2203168 2904176 46566960 1
 1602304 2403456 1902736 1902736 2203168 1602304 901296 3404896 1201728 2804032 1201728 2804032 1001440 2103024 1402016 31345072 1
 2503600 1802592 1802592 1802592 2804032 1602304 901296 3404896 1201728 1702448 1502160 2103024 1001440 1502160 1301872 29943056 1
 2403456 2203168 2303312 2203168 2403456 3004320 1402016 2904176 1502160 1602304 1402016 2904176 1301872 2203168 1902736 35150544 1
 1702448 1702448 2703888 2503600 6309072 2203168 1602304 3805472 1301872 1602304 1402016 2503600 1001440 1402016 1502160 36752848 1
 1502160 1802592 1702448 1702448 2103024 1902736 4806912 2804032 1402016 1902736 1301872 2503600 1201728 1402016 1702448 33247808 1
 1802592 1802592 2203168 1902736 2002880 3905616 1001440 2904176 1301872 1301872 1402016 2303312 1402016 901296 2203168 31645504 1
 1902736 2002880 1402016 1802592 1502160 2103024 801152 3004320 1201728 1902736 1402016 2603744 1001440 1201728 1402016 28240608 1
 1902736 1602304 2203168 1402016 2303312 1702448 1101584 5608064 1402016 1902736 1502160 2403456 1201728 801152 1802592 31845792 1
 1702448 1402016 1702448 5207488 2403456 1602304 701008 2703888 1201728 1802592 1201728 2403456 1201728 1101584 1201728 31144784 1
 2403456 1402016 1902736 1802592 2303312 2002880 1301872 3104464 1301872 2103024 1502160 2002880 1301872 1602304 3805472 35450976 1
 1902736 3304752 1602304 2403456 1702448 2203168 1802592 3805472 1602304 3104464 1001440 2603744 1201728 6809792 1201728 40157744 1
 1802592 1602304 3004320 2303312 1201728 1902736 1201728 3505040 1802592 2203168 1301872 2303312 1502160 2703888 2603744 35250688 1
 1602304 3605184 2804032 1902736 1201728 2103024 1201728 2804032 1201728 1902736 1001440 2103024 1201728 1702448 1602304 31545360 1
 1702448 2002880 3404896 1502160 1502160 2002880 1602304 3304752 1101584 2904176 1402016 2403456 1402016 2103024 2403456 34549680 1
 1802592 1702448 3805472 1602304 1702448 1702448 701008 3004320 1201728 2203168 701008 2303312 1001440 1502160 1402016 29943056 1
 1702448 1802592 2703888 1502160 2002880 1902736 1402016 3404896 1502160 1702448 801152 2403456 1201728 1402016 1902736 33347952 1
 1702448 2002880 2703888 1902736 1702448 1602304 701008 2904176 1902736 1602304 1402016 2703888 1402016 1301872 2002880 31345072 1
 1702448 1802592 3605184 1301872 1301872 1502160 1301872 4606624 1301872 2103024 1101584 3004320 5608064 3905616 2103024 40057600 1
 1702448 2303312 2603744 2002880 1101584 2403456 901296 3304752 1402016 2403456 1001440 2804032 2203168 12518000 1402016 43462496 1
 1702448 1602304 2503600 1101584 1101584 2203168 1101584 3104464 1402016 2303312 1001440 2503600 1402016 1402016 2203168 30243488 1
 1602304 2403456 2603744 1902736 1001440 2303312 901296 3404896 1101584 1902736 1201728 2203168 1402016 1402016 2403456 38355152 1
 1602304 1502160 3204608 3605184 2002880 1702448 1201728 3505040 2002880 3605184 1101584 3004320 1101584 2603744 1001440 37453856 1
 1702448 1402016 4706768 1902736 1702448 1402016 901296 2403456 1502160 1301872 1502160 2002880 1101584 1902736 1101584 30143344 1
 1602304 1702448 3004320 1201728 1402016 2002880 1502160 2703888 1201728 2203168 1402016 2103024 1201728 1301872 1301872 30744208 1
 1902736 1702448 2303312 1201728 701008 2904176 701008 2303312 1402016 1502160 901296 2002880 1101584 1201728 1201728 26838592 1
 1702448 1402016 3304752 1201728 1301872 1902736 1001440 3004320 1402016 1402016 1101584 1902736 1201728 1201728 1402016 29041760 1
 1702448 1602304 3104464 1702448 901296 2303312 701008 2703888 1301872 1702448 1201728 2703888 1201728 1301872 3805472 31545360 1
 1602304 1301872 3204608 1201728 1101584 2804032 1502160 3004320 1201728 2103024 1101584 2703888 1402016 2103024 1702448 33147664 1
 2103024 3605184 2103024 1902736 1201728 2103024 1001440 2804032 1201728 1702448 901296 2303312 1502160 2904176 1602304 32747088 1
 1502160 1702448 2603744 1201728 1101584 2603744 901296 2804032 1602304 2002880 801152 2804032 1502160 1502160 1602304 30143344 1
 1902736 1702448 3104464 1802592 1201728 1902736 1001440 2503600 1201728 2203168 1402016 2303312 1201728 1702448 1201728 29642624 1
 1802592 1902736 5307632 1702448 1402016 1902736 1001440 2703888 1301872 1902736 1201728 2703888 1101584 1301872 1301872 33347952 1
 1902736 1402016 2904176 1902736 1402016 2303312 1001440 2603744 1201728 1902736 1201728 2804032 1001440 1402016 1602304 30644064 1
 1702448 1402016 3404896 1402016 1402016 2002880 1001440 2203168 1001440 1802592 1001440 2303312 4306192 4907056 2002880 35350832 1
 1802592 5507920 1802592 2804032 5107344 2103024 1502160 4806912 1301872 1502160 1101584 2303312 1001440 1301872 1201728 38655584 1
 1902736 600864 1502160 701008 1201728 2303312 200288 2703888 1702448 1402016 1402016 1201728 400576 2203168 701008 23934416 0
 1902736 801152 1402016 801152 1001440 2002880 801152 2203168 1602304 1402016 1301872 1301872 200288 2103024 901296 23333552 0
 1902736 701008 1201728 1001440 901296 2103024 500720 2603744 1101584 1702448 1101584 1101584 901296 1502160 1301872 23533840 0
 2103024 701008 1101584 1101584 901296 2203168 801152 2203168 1902736 1402016 1301872 901296 600864 1802592 1301872 25937296 0
 2103024 701008 1502160 1201728 701008 1802592 801152 2303312 1502160 1702448 1101584 1402016 1101584 1802592 701008 24435136 0
 1702448 701008 1101584 901296 701008 2002880 500720 2303312 901296 1802592 801152 1201728 701008 1602304 1001440 21130384 0
 2203168 500720 1301872 1201728 701008 2203168 701008 2103024 1201728 1702448 901296 1301872 400576 1602304 1001440 22632544 0
 1802592 600864 1301872 701008 1101584 2103024 801152 2203168 2002880 1702448 1101584 1402016 901296 1402016 1201728 23633984 0
 1902736 701008 1201728 1201728 600864 2203168 500720 2103024 1502160 1602304 901296 1201728 500720 1702448 1201728 22031680 0
 1902736 801152 1301872 701008 1201728 1902736 600864 2103024 1101584 1602304 1201728 1201728 400576 1702448 1001440 22031680 0
 1902736 701008 1001440 801152 1001440 1902736 500720 2603744 901296 1902736 1001440 1201728 500720 1602304 901296 22031680 0
 2002880 801152 701008 1001440 1001440 1802592 701008 2002880 1001440 1502160 1101584 901296 300432 1902736 600864 20529520 0
 1902736 701008 1402016 1001440 1201728 1301872 1001440 2103024 1001440 1702448 901296 1201728 0 2103024 701008 21631104 0
 1802592 701008 1602304 1001440 1101584 1702448 901296 1802592 1201728 1402016 1201728 1001440 600864 1902736 1001440 22231968 0
 1902736 701008 1201728 901296 1201728 1502160 1201728 1802592 1201728 1402016 1201728 1001440 0 2303312 300432 21631104 0
 2002880 701008 1101584 901296 1001440 1802592 600864 2103024 1001440 1502160 1101584 901296 300432 2203168 600864 21530960 0
 2203168 500720 1101584 801152 801152 2002880 400576 2002880 1402016 1402016 1402016 500720 901296 1702448 1001440 21130384 0
 1502160 801152 1402016 901296 1101584 2103024 500720 2403456 1402016 1702448 1201728 1101584 1001440 1802592 1502160 26638304 0
