 901296 400576 1301872 701008 1702448 2303312 901296 1502160 2203168 1702448 600864 2103024 1301872 1402016 1502160 24334992 1
 701008 500720 1201728 701008 1402016 2403456 1201728 1402016 2203168 1402016 500720 1802592 701008 1502160 1602304 22832832 1
 901296 600864 1301872 701008 1502160 2503600 1201728 1602304 2403456 1702448 600864 1902736 4506480 2103024 1902736 28941616 1
 1001440 200288 1101584 1001440 1902736 2703888 1101584 1201728 2403456 1602304 801152 2002880 2403456 2703888 2002880 31345072 1
 801152 600864 1201728 500720 1802592 5407776 1301872 1902736 3204608 1802592 500720 1602304 1502160 1001440 1802592 29041760 1
 901296 400576 1201728 500720 1902736 2703888 1301872 1201728 2203168 1902736 500720 1802592 1902736 1502160 1602304 25036000 1
 801152 500720 1301872 400576 1802592 2703888 1301872 1301872 2303312 1702448 500720 1802592 1402016 1001440 1702448 25036000 1
 901296 200288 1502160 701008 1902736 2303312 1201728 1702448 2103024 1902736 500720 2103024 1702448 1201728 1602304 25136144 1
 901296 400576 1402016 400576 1802592 2503600 1001440 1402016 2203168 1502160 500720 1702448 1502160 801152 2002880 24034560 1
 600864 701008 1001440 400576 1702448 2403456 701008 1602304 2203168 1902736 500720 1802592 1502160 901296 1702448 22632544 1
 701008 600864 1402016 200288 2002880 2403456 901296 1502160 2203168 1602304 400576 2103024 1502160 701008 1602304 23633984 1
 701008 200288 1201728 500720 1702448 2303312 1001440 1402016 2203168 1802592 500720 2103024 1502160 901296 1702448 23233408 1
 801152 400576 1001440 600864 1502160 2303312 1101584 1101584 2203168 1502160 701008 1602304 1101584 901296 1702448 22231968 1
 701008 500720 1201728 200288 1902736 2103024 1001440 1402016 1902736 1602304 801152 1602304 1201728 1001440 1402016 21831392 1
 1001440 500720 1001440 701008 1502160 2703888 1301872 1602304 2403456 1802592 400576 1702448 901296 1201728 1402016 24635424 1
 701008 200288 1201728 801152 1602304 2303312 1001440 1402016 2203168 1101584 300432 1902736 500720 1101584 1702448 25636864 1
 1001440 500720 2403456 1702448 2203168 3505040 1802592 2403456 2904176 2904176 1001440 8011520 2103024 3505040 1402016 42661344 1
 1201728 701008 1702448 1201728 1802592 2904176 1902736 3505040 2703888 1802592 1001440 1902736 1902736 1702448 1802592 32346512 1
 1001440 600864 1502160 1001440 2103024 2904176 1602304 2403456 2703888 2403456 901296 1802592 1702448 1001440 2002880 30043200 1
 701008 500720 1902736 901296 2203168 3004320 1702448 2103024 2403456 2103024 500720 3104464 1001440 1802592 1702448 30143344 1
 1201728 600864 1502160 901296 2403456 2904176 1602304 1602304 2503600 2403456 600864 7210368 1502160 2804032 1402016 35551120 1
 1402016 500720 1902736 1201728 2403456 2804032 1402016 1902736 2603744 2403456 701008 4706768 1702448 2403456 1702448 33748528 1
 801152 300432 1301872 801152 1902736 3004320 1602304 1702448 2804032 2503600 500720 2904176 1702448 2403456 1802592 30543920 1
 1001440 400576 2002880 1201728 2103024 2804032 1502160 1602304 2303312 2203168 500720 3104464 1101584 1902736 1902736 29943056 1
 901296 500720 1602304 1001440 2103024 2603744 1301872 1502160 2503600 1702448 500720 2804032 1201728 1301872 2103024 28040320 1
 1502160 200288 1702448 901296 1902736 2804032 1201728 1702448 2303312 2002880 200288 2603744 1902736 1201728 1902736 28240608 1
 901296 400576 1301872 801152 1702448 3104464 1201728 1702448 2403456 14520880 1101584 2203168 1902736 1502160 1902736 40458176 1
 1001440 400576 1402016 1001440 1702448 2804032 1602304 1702448 2203168 2103024 400576 1702448 1001440 1201728 1402016 24935856 1
 801152 600864 1201728 600864 1802592 2403456 1301872 1502160 2403456 2002880 600864 1902736 1001440 1001440 1502160 23734128 1
 1001440 500720 1602304 801152 2002880 2703888 1402016 1602304 2403456 1702448 701008 1602304 1402016 801152 2103024 25837152 1
 1001440 400576 1802592 400576 2103024 2503600 1502160 1201728 2103024 1402016 300432 2002880 1101584 901296 1502160 23433696 1
 1201728 400576 2103024 1201728 1902736 2904176 1602304 1702448 2603744 4206048 801152 2103024 1902736 1201728 1902736 31044640 1
 1001440 500720 1502160 801152 2103024 4907056 1001440 2503600 2603744 2603744 400576 2403456 2804032 3304752 3304752 36852992 1
 1201728 400576 1201728 901296 1902736 2703888 1101584 1702448 7110224 4506480 901296 15922896 1201728 1402016 1201728 46867392 1
 1001440 600864 1301872 801152 1602304 2403456 1502160 1201728 2203168 1802592 500720 2002880 1301872 901296 1502160 23433696 1
 701008 500720 1101584 1001440 1902736 2603744 1201728 1602304 2203168 1702448 701008 1602304 901296 1001440 1702448 23533840 1
 1001440 600864 1101584 901296 1602304 2603744 1101584 1402016 2203168 1702448 400576 1902736 1301872 901296 1502160 23734128 1
 901296 701008 1402016 500720 2103024 2703888 1101584 1702448 2103024 1502160 400576 1602304 801152 1101584 1201728 23033120 1
 1001440 300432 1402016 1101584 1902736 2603744 1201728 1702448 2403456 2103024 400576 1702448 1502160 1201728 1602304 25937296 1
 701008 500720 1702448 1001440 1802592 2603744 1502160 1602304 2103024 7110224 801152 1602304 1502160 1602304 1602304 31144784 1
 701008 600864 1101584 701008 1702448 2503600 1201728 1502160 2503600 2403456 500720 1802592 300432 1402016 1402016 23433696 1
 901296 500720 5007200 901296 2403456 2904176 1301872 1702448 2203168 2103024 500720 1602304 1001440 901296 1702448 28941616 1
 1101584 400576 1301872 901296 1702448 2303312 1301872 1301872 2403456 2603744 600864 1502160 701008 1101584 1301872 23533840 1
 1201728 300432 901296 1201728 1502160 2503600 1201728 1502160 2103024 1802592 300432 1702448 0 1602304 1201728 21831392 1
 1001440 400576 1301872 701008 1602304 2303312 1001440 1301872 2103024 1402016 300432 1402016 701008 1101584 1101584 20629664 1
 1502160 300432 1402016 901296 1602304 2703888 1201728 1101584 2103024 1702448 701008 1502160 901296 1001440 1301872 23133264 1
 901296 300432 1201728 701008 1902736 3004320 1101584 1502160 2203168 1402016 801152 1201728 801152 801152 1502160 22231968 1
 901296 300432 1402016 701008 1902736 2403456 1201728 1301872 2203168 1702448 400576 1702448 901296 1201728 1201728 22532400 1
 801152 400576 1301872 701008 1502160 2403456 901296 1201728 2203168 1301872 500720 1602304 600864 1001440 1101584 20629664 1
 1001440 200288 1402016 801152 1602304 2303312 1201728 1502160 1802592 1702448 500720 2103024 1201728 901296 1201728 22532400 1
 1902736 600864 1502160 701008 1201728 2303312 200288 2703888 1702448 1402016 1402016 1201728 400576 2203168 701008 23934416 0
 1902736 801152 1402016 801152 1001440 2002880 801152 2203168 1602304 1402016 1301872 1301872 200288 2103024 901296 23333552 0
 1902736 701008 1201728 1001440 901296 2103024 500720 2603744 1101584 1702448 1101584 1101584 901296 1502160 1301872 23533840 0
 2103024 701008 1101584 1101584 901296 2203168 801152 2203168 1902736 1402016 1301872 901296 600864 1802592 1301872 25937296 0
 2103024 701008 1502160 1201728 701008 1802592 801152 2303312 1502160 1702448 1101584 1402016 1101584 1802592 701008 24435136 0
 1702448 701008 1101584 901296 701008 2002880 500720 2303312 901296 1802592 801152 1201728 701008 1602304 1001440 21130384 0
 2203168 500720 1301872 1201728 701008 2203168 701008 2103024 1201728 1702448 901296 1301872 400576 1602304 1001440 22632544 0
 1802592 600864 1301872 701008 1101584 2103024 801152 2203168 2002880 1702448 1101584 1402016 901296 1402016 1201728 23633984 0
 1902736 701008 1201728 1201728 600864 2203168 500720 2103024 1502160 1602304 901296 1201728 500720 1702448 1201728 22031680 0
 1902736 801152 1301872 701008 1201728 1902736 600864 2103024 1101584 1602304 1201728 1201728 400576 1702448 1001440 22031680 0
 1902736 701008 1001440 801152 1001440 1902736 500720 2603744 901296 1902736 1001440 1201728 500720 1602304 901296 22031680 0
 2002880 801152 701008 1001440 1001440 1802592 701008 2002880 1001440 1502160 1101584 901296 300432 1902736 600864 20529520 0
 1902736 701008 1402016 1001440 1201728 1301872 1001440 2103024 1001440 1702448 901296 1201728 0 2103024 701008 21631104 0
 1802592 701008 1602304 1001440 1101584 1702448 901296 1802592 1201728 1402016 1201728 1001440 600864 1902736 1001440 22231968 0
 1902736 701008 1201728 901296 1201728 1502160 1201728 1802592 1201728 1402016 1201728 1001440 0 2303312 300432 21631104 0
 2002880 701008 1101584 901296 1001440 1802592 600864 2103024 1001440 1502160 1101584 901296 300432 2203168 600864 21530960 0
 2203168 500720 1101584 801152 801152 2002880 400576 2002880 1402016 1402016 1402016 500720 901296 1702448 1001440 21130384 0
 1502160 801152 1402016 901296 1101584 2103024 500720 2403456 1402016 1702448 1201728 1101584 1001440 1802592 1502160 26638304 0
