 1101584 9113104 2103024 2002880 6609504 2403456 1201728 4506480 1301872 3004320 1201728 2103024 1602304 2804032 4105904 52876032 1
 2103024 1802592 6709648 1402016 7811232 1702448 1201728 3304752 1402016 3505040 1201728 2403456 1502160 3505040 2403456 50472576 1
 2103024 2904176 8011520 1001440 6208928 1802592 1201728 3705328 1402016 5007200 1201728 2503600 1602304 3404896 1702448 50873152 1
 4005760 1602304 7410656 2603744 6609504 5107344 100144 3905616 1101584 2603744 1201728 2403456 1101584 3605184 1001440 48069120 1
 2303312 5007200 6409216 1301872 9513680 2303312 1301872 5107344 1402016 3805472 1201728 2603744 1201728 2804032 2503600 55980496 1
 2103024 2002880 2804032 1602304 5007200 1702448 1201728 4005760 1201728 2804032 1602304 2403456 1201728 3104464 2804032 110759264 1
 3404896 1702448 4706768 1101584 3204608 2203168 1101584 3304752 1502160 2603744 1301872 3905616 1201728 2804032 1602304 40458176 1
 3104464 1702448 3505040 1001440 1702448 4706768 1402016 3805472 1702448 3304752 1602304 2603744 1502160 3304752 1201728 39957456 1
 2904176 2002880 2804032 1301872 4406336 2403456 1201728 2703888 1101584 2403456 1402016 4005760 1301872 3204608 3104464 40458176 1
 2103024 1902736 2103024 1201728 1902736 4506480 1001440 4406336 1201728 2904176 1702448 2503600 1201728 2203168 1201728 36051840 1
 2203168 2002880 5007200 901296 2804032 2203168 901296 4706768 0 2303312 1402016 3204608 1201728 2503600 1001440 38054720 1
 1902736 1902736 3304752 1201728 5007200 3705328 1201728 4806912 1402016 2403456 2103024 2603744 1702448 3304752 1402016 42461056 1
 1802592 1702448 12317712 0 2002880 3204608 3505040 3705328 1301872 3104464 1702448 5608064 1101584 4706768 1702448 53076320 1
 701008 2703888 8311952 1301872 2203168 2103024 1702448 4306192 1402016 3505040 1402016 2403456 1201728 4005760 1001440 41760048 1
 1201728 2403456 10815552 1402016 2403456 2904176 1702448 3505040 1101584 2403456 2603744 3204608 1201728 4005760 1301872 51273728 1
 1001440 1902736 2203168 1602304 1602304 2203168 1402016 3104464 901296 2203168 1902736 2804032 1201728 3505040 1902736 32847232 1
 400576 2303312 4506480 1301872 1702448 1902736 1301872 5107344 1001440 2603744 1402016 2603744 1101584 3104464 4907056 42060480 1
 901296 2002880 1902736 1301872 1201728 2403456 1201728 3805472 901296 2703888 1301872 5307632 1101584 5808352 901296 36051840 1
 1802592 2103024 1902736 1802592 1502160 3304752 1502160 4306192 1101584 1902736 1301872 8311952 1502160 3905616 4005760 43963216 1
 1001440 2103024 3404896 2103024 4005760 4005760 1201728 4005760 1201728 2603744 1201728 2804032 1201728 3204608 801152 38455296 1
 1802592 2203168 3204608 1602304 1502160 2804032 1602304 7811232 0 400576 1602304 5207488 1502160 7110224 1001440 45966096 1
 1001440 2103024 2303312 2002880 1902736 2603744 1402016 5007200 1402016 3304752 1702448 4406336 1001440 3304752 3104464 40358032 1
 6008640 1802592 2804032 1402016 2203168 2103024 2002880 3505040 1201728 3705328 1502160 3705328 5007200 1802592 4907056 46767248 1
 1602304 1702448 3505040 1702448 1902736 2203168 1301872 3905616 1201728 2503600 1902736 4806912 1402016 5207488 1402016 39857312 1
 801152 1802592 3304752 4206048 2904176 5107344 1201728 5608064 1301872 3004320 1602304 3905616 2002880 3605184 2804032 48169264 1
 2203168 2103024 3304752 1902736 8311952 4506480 1402016 4005760 1502160 2503600 1702448 3605184 1402016 7310512 3404896 52876032 1
 2203168 1902736 9012960 1301872 1101584 6309072 1502160 4105904 1201728 3104464 1301872 4806912 1702448 4506480 3104464 50172144 1
 1402016 1702448 4706768 1402016 2703888 3705328 1502160 4005760 1201728 3605184 901296 3505040 2904176 4706768 2904176 43662784 1
 3605184 1502160 2403456 1802592 2603744 3404896 1001440 3204608 1201728 2203168 1301872 5307632 1301872 9513680 1001440 44363792 1
 2403456 1802592 3605184 1402016 2303312 4606624 1402016 5708208 1201728 2603744 1201728 4406336 1502160 3304752 2103024 41960336 1
 2103024 2203168 2904176 1602304 3204608 5908496 1702448 5207488 1502160 4306192 1201728 4206048 1502160 4907056 2703888 48069120 1
 1902736 1902736 3505040 1702448 5708208 2603744 1402016 7811232 1201728 2603744 1201728 3104464 1201728 4706768 1402016 45565520 1
 2603744 2203168 8311952 1402016 1902736 2403456 1402016 3805472 1201728 3805472 1301872 4806912 1502160 3805472 3404896 46166384 1
 3104464 1702448 2603744 2303312 2603744 3404896 1402016 5007200 1201728 2804032 1201728 5407776 1201728 3104464 3505040 42761488 1
 2603744 1902736 4306192 1502160 5507920 2203168 1502160 4105904 1101584 2303312 1602304 4005760 1201728 2904176 2503600 41459616 1
 2303312 2002880 4306192 1301872 2403456 4005760 1201728 7911376 1402016 4206048 1702448 3104464 1402016 3304752 2203168 45064800 1
 1502160 1502160 1502160 1702448 2002880 2603744 1402016 2904176 1201728 2904176 1101584 4406336 1502160 3104464 1902736 36552560 1
 2403456 1902736 1702448 1402016 1602304 4105904 1101584 3404896 901296 2603744 1201728 7610944 1201728 3705328 2403456 40858752 1
 2002880 2203168 2403456 10915696 2403456 3805472 1101584 2804032 1001440 2103024 1301872 2603744 1301872 4406336 1502160 45064800 1
 1402016 1702448 1402016 1602304 1702448 3304752 1902736 6409216 1902736 13519440 1502160 9613824 1502160 2804032 2002880 54979056 1
 2403456 2103024 2203168 4005760 2904176 2103024 1301872 2804032 1101584 2303312 1201728 3905616 1201728 3304752 2103024 39757168 1
 1502160 1602304 1902736 2103024 3304752 7811232 1502160 3304752 1402016 3304752 1201728 5007200 2103024 5708208 1201728 46266528 1
 2103024 2002880 2703888 3004320 2403456 1702448 1301872 2703888 1101584 2103024 1402016 3905616 1301872 3705328 1502160 36953136 1
 1201728 1602304 1702448 1702448 2103024 2603744 1402016 7610944 1902736 3104464 1602304 2703888 1301872 3605184 1001440 38655584 1
 2203168 1802592 6609504 2303312 1702448 1802592 1502160 3204608 1502160 2303312 1402016 4306192 1201728 4406336 1001440 40558320 1
 1402016 1602304 1702448 4506480 2103024 2203168 9713968 5007200 901296 1802592 1702448 3605184 1101584 2403456 1502160 44764368 1
 2103024 1902736 2804032 1902736 1902736 2603744 1402016 2804032 1502160 3505040 1301872 7711088 1301872 2303312 2904176 40257888 1
 1402016 1702448 2303312 1402016 1902736 6208928 1402016 6208928 1402016 2804032 3404896 4005760 1902736 3505040 1201728 44363792 1
 1201728 1802592 1902736 2203168 3905616 3605184 1001440 2703888 1101584 2103024 1101584 3705328 1301872 3505040 1101584 36452416 1
 1101584 1702448 1902736 1702448 5207488 2103024 1402016 5507920 1402016 2603744 1402016 3304752 1201728 2203168 1201728 48669984 1
 1902736 600864 1502160 701008 1201728 2303312 200288 2703888 1702448 1402016 1402016 1201728 400576 2203168 701008 23934416 0
 1902736 801152 1402016 801152 1001440 2002880 801152 2203168 1602304 1402016 1301872 1301872 200288 2103024 901296 23333552 0
 1902736 701008 1201728 1001440 901296 2103024 500720 2603744 1101584 1702448 1101584 1101584 901296 1502160 1301872 23533840 0
 2103024 701008 1101584 1101584 901296 2203168 801152 2203168 1902736 1402016 1301872 901296 600864 1802592 1301872 25937296 0
 2103024 701008 1502160 1201728 701008 1802592 801152 2303312 1502160 1702448 1101584 1402016 1101584 1802592 701008 24435136 0
 1702448 701008 1101584 901296 701008 2002880 500720 2303312 901296 1802592 801152 1201728 701008 1602304 1001440 21130384 0
 2203168 500720 1301872 1201728 701008 2203168 701008 2103024 1201728 1702448 901296 1301872 400576 1602304 1001440 22632544 0
 1802592 600864 1301872 701008 1101584 2103024 801152 2203168 2002880 1702448 1101584 1402016 901296 1402016 1201728 23633984 0
 1902736 701008 1201728 1201728 600864 2203168 500720 2103024 1502160 1602304 901296 1201728 500720 1702448 1201728 22031680 0
 1902736 801152 1301872 701008 1201728 1902736 600864 2103024 1101584 1602304 1201728 1201728 400576 1702448 1001440 22031680 0
 1902736 701008 1001440 801152 1001440 1902736 500720 2603744 901296 1902736 1001440 1201728 500720 1602304 901296 22031680 0
 2002880 801152 701008 1001440 1001440 1802592 701008 2002880 1001440 1502160 1101584 901296 300432 1902736 600864 20529520 0
 1902736 701008 1402016 1001440 1201728 1301872 1001440 2103024 1001440 1702448 901296 1201728 0 2103024 701008 21631104 0
 1802592 701008 1602304 1001440 1101584 1702448 901296 1802592 1201728 1402016 1201728 1001440 600864 1902736 1001440 22231968 0
 1902736 701008 1201728 901296 1201728 1502160 1201728 1802592 1201728 1402016 1201728 1001440 0 2303312 300432 21631104 0
 2002880 701008 1101584 901296 1001440 1802592 600864 2103024 1001440 1502160 1101584 901296 300432 2203168 600864 21530960 0
 2203168 500720 1101584 801152 801152 2002880 400576 2002880 1402016 1402016 1402016 500720 901296 1702448 1001440 21130384 0
 1502160 801152 1402016 901296 1101584 2103024 500720 2403456 1402016 1702448 1201728 1101584 1001440 1802592 1502160 26638304 0
