 2503600 500720 2303312 1702448 1902736 2703888 600864 6008640 1301872 3304752 300432 2203168 1702448 1502160 5007200 40858752 1
 2603744 701008 3404896 2303312 1201728 2103024 500720 2603744 901296 2703888 500720 2303312 1402016 1001440 1902736 31044640 1
 2603744 701008 1902736 1402016 1502160 2303312 701008 2804032 1001440 2703888 600864 1902736 7811232 4806912 901296 38855872 1
 2904176 600864 2904176 2904176 1301872 2203168 701008 2603744 1001440 2103024 500720 2103024 1201728 1001440 4706768 32046080 1
 3004320 701008 2203168 1402016 1602304 2103024 701008 2804032 1201728 2403456 701008 1802592 1201728 901296 15422176 42060480 1
 2804032 400576 2403456 2002880 1201728 2002880 500720 3104464 1201728 2303312 801152 1902736 1201728 901296 6709648 32646944 1
 2103024 701008 1902736 1101584 1402016 1902736 500720 2703888 1301872 3204608 500720 1802592 1101584 1001440 2002880 28040320 1
 2103024 701008 2002880 1301872 1201728 2403456 1001440 3004320 1201728 3605184 701008 8211808 1502160 5407776 500720 39156304 1
 3404896 600864 2904176 3004320 2703888 4005760 701008 19127504 2002880 3505040 701008 2103024 1301872 901296 2904176 54278048 1
 3605184 701008 2203168 1802592 1702448 3805472 3304752 3304752 1902736 4105904 701008 5608064 2002880 33147664 1702448 72404112 1
 3304752 1101584 1301872 2103024 1301872 4206048 4005760 3204608 1402016 3304752 600864 2503600 1301872 1001440 5708208 40358032 1
 4005760 1001440 1402016 1402016 2203168 2303312 701008 2603744 701008 2403456 400576 2403456 1502160 701008 6108784 33247808 1
 4005760 701008 3204608 3104464 1902736 4606624 600864 3104464 1101584 2804032 400576 2002880 1301872 901296 3004320 38355152 1
 3204608 500720 2904176 3004320 3404896 2503600 801152 2804032 801152 2703888 801152 2603744 9012960 2804032 2403456 47368112 1
 4306192 600864 1902736 3004320 2403456 4606624 701008 3104464 1001440 2603744 701008 2002880 1301872 1001440 36051840 68198064 1
 3605184 500720 1802592 1902736 1702448 4706768 701008 3104464 1902736 3304752 500720 3505040 1902736 6409216 701008 40358032 1
 2904176 500720 2603744 2503600 1301872 4706768 701008 2703888 1502160 3004320 500720 2804032 5107344 4306192 2002880 43462496 1
 2303312 500720 2103024 1502160 1702448 3505040 701008 2804032 1201728 3605184 400576 2804032 2403456 11917136 901296 41760048 1
 2804032 600864 2002880 1301872 1502160 2603744 600864 2703888 1201728 3605184 801152 2002880 1301872 7911376 1301872 36151984 1
 2303312 500720 1702448 2103024 1001440 4005760 701008 3004320 1201728 4606624 1602304 2403456 1201728 1402016 2804032 34349392 1
 3505040 400576 3104464 2203168 1201728 2603744 300432 2804032 1402016 3104464 901296 1802592 1602304 8011520 1001440 46066240 1
 2503600 500720 1902736 1702448 1402016 3505040 801152 2804032 901296 3605184 500720 2103024 1402016 6409216 1201728 35050400 1
 2503600 600864 2103024 1201728 1502160 3104464 801152 2804032 1402016 3204608 500720 2303312 1402016 5107344 1402016 33748528 1
 4706768 701008 1702448 1602304 1301872 2804032 901296 2904176 1101584 3905616 1902736 6809792 1602304 6008640 901296 42461056 1
 3104464 500720 5007200 7811232 901296 2503600 600864 10414976 1902736 3605184 500720 2403456 1802592 5507920 600864 52475456 1
 2904176 500720 2503600 2603744 1001440 3304752 500720 3605184 1602304 3104464 701008 2403456 2303312 5708208 1201728 37253568 1
 2503600 600864 2203168 1702448 1502160 3505040 701008 2703888 1001440 3404896 701008 2002880 1402016 7010080 701008 35651264 1
 3104464 500720 2403456 2603744 1201728 2804032 701008 3104464 1402016 3505040 500720 2403456 1201728 5007200 701008 34749968 1
 2603744 701008 1502160 1802592 1201728 2804032 600864 3905616 1001440 3304752 400576 2203168 1502160 6509360 600864 35450976 1
 2703888 701008 2103024 1201728 1602304 2904176 701008 2804032 1001440 3004320 500720 6008640 2804032 4206048 500720 35851552 1
 2303312 801152 1301872 1402016 1001440 2904176 701008 2603744 1001440 2904176 500720 1902736 1402016 5608064 701008 30043200 1
 2203168 500720 1702448 901296 1602304 2403456 200288 2703888 1201728 2503600 500720 7811232 1201728 3304752 500720 32546800 1
 2503600 801152 1502160 1301872 1301872 4105904 801152 2904176 1301872 3605184 600864 5007200 1001440 3605184 801152 34649824 1
 3304752 801152 1802592 2403456 1001440 7811232 500720 2804032 1101584 3404896 500720 4706768 1001440 4907056 0 39857312 1
 2703888 600864 2203168 1502160 1502160 3404896 801152 2904176 1301872 3505040 701008 2603744 1602304 3805472 1101584 33848672 1
 2603744 801152 1101584 1602304 1001440 2904176 600864 2904176 901296 2804032 801152 4706768 1001440 3805472 400576 31545360 1
 2103024 701008 2203168 2303312 1001440 6409216 701008 2403456 1301872 3004320 500720 1802592 1301872 3104464 1301872 33748528 1
 3104464 701008 2403456 2503600 1502160 3304752 2804032 3104464 1201728 2603744 500720 2403456 1602304 6709648 701008 39156304 1
 3505040 600864 1502160 1602304 1201728 5207488 801152 2904176 1201728 3004320 400576 2904176 1301872 5608064 801152 37153424 1
 2403456 1001440 1802592 1502160 1201728 4706768 701008 2603744 1201728 2603744 500720 2804032 1201728 1402016 2203168 31345072 1
 2503600 701008 1301872 1301872 1001440 4606624 901296 2503600 1001440 3004320 500720 2703888 901296 1402016 2503600 32046080 1
 3004320 1001440 1702448 1201728 1902736 3505040 1001440 17024480 1402016 4105904 500720 7110224 901296 5007200 200288 53877472 1
 2002880 801152 1402016 1201728 1402016 3905616 901296 2804032 1502160 3404896 600864 2703888 1602304 6809792 801152 35450976 1
 2904176 701008 1702448 1602304 1702448 3905616 500720 5107344 1301872 3805472 801152 2804032 1402016 4606624 701008 37754288 1
 2804032 901296 1001440 2503600 1201728 14220448 701008 6208928 1902736 5708208 500720 3705328 1201728 4806912 400576 52275168 1
 3505040 701008 1702448 1201728 2103024 4506480 701008 3805472 1201728 4206048 500720 2904176 1301872 4306192 901296 37353712 1
 2703888 801152 1402016 1402016 1402016 5207488 701008 2804032 1602304 3805472 500720 2303312 1402016 4706768 701008 35150544 1
 2303312 701008 1702448 2403456 1902736 2103024 500720 3104464 1301872 2904176 701008 2603744 1201728 3605184 701008 31745648 1
 2403456 701008 1902736 2403456 1402016 4005760 801152 3404896 1301872 2403456 500720 1802592 1402016 9713968 1502160 39957456 1
 2403456 701008 2002880 2403456 2403456 3805472 901296 3204608 1502160 3605184 500720 2804032 1902736 5007200 901296 38655584 1
 1902736 600864 1502160 701008 1201728 2303312 200288 2703888 1702448 1402016 1402016 1201728 400576 2203168 701008 23934416 0
 1902736 801152 1402016 801152 1001440 2002880 801152 2203168 1602304 1402016 1301872 1301872 200288 2103024 901296 23333552 0
 1902736 701008 1201728 1001440 901296 2103024 500720 2603744 1101584 1702448 1101584 1101584 901296 1502160 1301872 23533840 0
 2103024 701008 1101584 1101584 901296 2203168 801152 2203168 1902736 1402016 1301872 901296 600864 1802592 1301872 25937296 0
 2103024 701008 1502160 1201728 701008 1802592 801152 2303312 1502160 1702448 1101584 1402016 1101584 1802592 701008 24435136 0
 1702448 701008 1101584 901296 701008 2002880 500720 2303312 901296 1802592 801152 1201728 701008 1602304 1001440 21130384 0
 2203168 500720 1301872 1201728 701008 2203168 701008 2103024 1201728 1702448 901296 1301872 400576 1602304 1001440 22632544 0
 1802592 600864 1301872 701008 1101584 2103024 801152 2203168 2002880 1702448 1101584 1402016 901296 1402016 1201728 23633984 0
 1902736 701008 1201728 1201728 600864 2203168 500720 2103024 1502160 1602304 901296 1201728 500720 1702448 1201728 22031680 0
 1902736 801152 1301872 701008 1201728 1902736 600864 2103024 1101584 1602304 1201728 1201728 400576 1702448 1001440 22031680 0
 1902736 701008 1001440 801152 1001440 1902736 500720 2603744 901296 1902736 1001440 1201728 500720 1602304 901296 22031680 0
 2002880 801152 701008 1001440 1001440 1802592 701008 2002880 1001440 1502160 1101584 901296 300432 1902736 600864 20529520 0
 1902736 701008 1402016 1001440 1201728 1301872 1001440 2103024 1001440 1702448 901296 1201728 0 2103024 701008 21631104 0
 1802592 701008 1602304 1001440 1101584 1702448 901296 1802592 1201728 1402016 1201728 1001440 600864 1902736 1001440 22231968 0
 1902736 701008 1201728 901296 1201728 1502160 1201728 1802592 1201728 1402016 1201728 1001440 0 2303312 300432 21631104 0
 2002880 701008 1101584 901296 1001440 1802592 600864 2103024 1001440 1502160 1101584 901296 300432 2203168 600864 21530960 0
 2203168 500720 1101584 801152 801152 2002880 400576 2002880 1402016 1402016 1402016 500720 901296 1702448 1001440 21130384 0
 1502160 801152 1402016 901296 1101584 2103024 500720 2403456 1402016 1702448 1201728 1101584 1001440 1802592 1502160 26638304 0
