 2303312 2103024 1502160 1201728 1001440 2904176 1602304 1702448 2603744 1602304 1301872 2403456 4506480 1802592 2103024 33548240 1
 2002880 1902736 1702448 1201728 1001440 2303312 1201728 1902736 2603744 1402016 1402016 2703888 1802592 1502160 1902736 29642624 1
 2203168 1902736 1301872 1301872 801152 2503600 1301872 1602304 2703888 801152 1502160 2203168 1802592 2002880 2002880 29141904 1
 2303312 2103024 1001440 2103024 701008 2904176 1902736 1301872 2904176 1702448 1902736 2303312 2203168 901296 2403456 31745648 1
 2303312 2403456 1402016 1802592 901296 2203168 1201728 1902736 2603744 1101584 1301872 2303312 3004320 2002880 1702448 31445216 1
 2303312 1902736 1201728 1902736 701008 2403456 1702448 1702448 2503600 1402016 1502160 2103024 1602304 2002880 1902736 30043200 1
 2203168 1902736 1502160 1201728 801152 3004320 2002880 1301872 2503600 1001440 1301872 2002880 1602304 1301872 1802592 28741328 1
 2703888 1802592 1402016 1702448 701008 2804032 2403456 2002880 2303312 1201728 901296 2703888 2103024 1602304 1702448 31144784 1
 2303312 2002880 1201728 1902736 901296 2603744 1101584 1902736 2703888 1702448 1402016 2303312 3204608 5608064 901296 34749968 1
 2103024 1902736 901296 1502160 901296 3104464 1402016 1702448 5908496 1802592 1502160 2103024 2904176 3304752 1902736 36252128 1
 2203168 1802592 1502160 1001440 701008 3404896 1201728 1702448 2603744 1902736 2002880 4005760 2403456 3004320 1502160 34048960 1
 2203168 2103024 1201728 1602304 801152 2603744 1702448 1602304 2403456 901296 1502160 2002880 2002880 1101584 2403456 29242048 1
 2203168 1802592 1301872 1702448 801152 2703888 1402016 1602304 2603744 901296 1101584 2403456 1602304 1702448 1902736 29041760 1
 2303312 1902736 1001440 1902736 701008 3104464 901296 2203168 2303312 1001440 1101584 2403456 2203168 1802592 2002880 29642624 1
 2103024 1702448 1602304 1402016 801152 2703888 1001440 1802592 2303312 1001440 1402016 1902736 2002880 1001440 2103024 27739888 1
 2002880 2103024 1402016 1602304 801152 2603744 1201728 1802592 2403456 1001440 1201728 2503600 2403456 1201728 2103024 29242048 1
 2103024 1802592 1602304 1301872 901296 2503600 1201728 1502160 2403456 1001440 1101584 2403456 1402016 1402016 1902736 27439456 1
 2203168 1902736 1201728 1602304 701008 2703888 1101584 1702448 2603744 901296 1201728 2703888 1802592 1502160 1902736 28741328 1
 2103024 1702448 1301872 1402016 801152 2503600 1001440 1502160 2103024 901296 1301872 2002880 1602304 1201728 1702448 26037440 1
 1902736 1902736 1602304 1201728 801152 3004320 1001440 1902736 2103024 1001440 1301872 2203168 1902736 1502160 1802592 28040320 1
 2103024 1902736 1402016 1702448 901296 2203168 901296 2103024 2503600 1602304 1502160 2703888 2403456 6008640 1101584 34149104 1
 2203168 1902736 1301872 1502160 701008 2603744 1001440 1802592 2703888 1201728 1402016 2103024 1702448 1101584 3204608 29442336 1
 2203168 2002880 1402016 2002880 901296 2503600 1402016 2103024 2503600 1001440 1602304 2103024 1502160 1301872 1902736 29642624 1
 2403456 1902736 1502160 1301872 1001440 2603744 1001440 2002880 2403456 1201728 1502160 2303312 1402016 1502160 1902736 28741328 1
 2002880 2203168 1802592 1802592 901296 2804032 801152 1802592 2503600 901296 1402016 2303312 1402016 1201728 1902736 28641184 1
 2103024 1902736 1201728 1502160 600864 2403456 1001440 1602304 2403456 1402016 1902736 2904176 1802592 1502160 1402016 28741328 1
 2002880 2103024 1001440 1502160 600864 2203168 901296 1702448 4406336 1702448 1201728 2303312 1602304 1702448 1902736 29642624 1
 2103024 2403456 701008 2603744 701008 2403456 1001440 2002880 2703888 1902736 1402016 1902736 2403456 1402016 1402016 30143344 1
 2203168 2203168 1301872 1101584 901296 2303312 1101584 1702448 2603744 2904176 1602304 3204608 1702448 5307632 1301872 34649824 1
 1802592 2203168 1001440 1402016 701008 2303312 1001440 1902736 4005760 2203168 1201728 2403456 1301872 1702448 2103024 30043200 1
 2203168 2002880 1101584 1402016 701008 2203168 901296 1802592 2503600 2503600 1101584 2403456 1301872 1402016 1902736 28340752 1
 1902736 2103024 901296 1702448 701008 2603744 1402016 1702448 2603744 1602304 1502160 2103024 1201728 1502160 1301872 27940176 1
 4606624 2103024 3805472 1702448 1001440 2303312 1001440 1602304 2503600 901296 1101584 1902736 1402016 1602304 2403456 33047520 1
 2103024 2103024 1402016 1702448 701008 2303312 1001440 1702448 2603744 701008 1402016 2203168 1402016 1902736 1602304 27739888 1
 2203168 2002880 1702448 1201728 1001440 2303312 1001440 1702448 2503600 901296 1201728 2002880 1602304 1602304 2103024 28140464 1
 2403456 2103024 1201728 1602304 801152 2002880 1201728 1702448 2603744 1001440 1101584 2403456 1502160 1402016 1802592 27940176 1
 2002880 2203168 1301872 1502160 901296 2303312 1301872 1402016 2804032 1001440 1402016 2103024 1201728 1402016 1902736 27739888 1
 2103024 1902736 1201728 1602304 801152 2303312 1402016 1402016 2703888 1402016 1402016 2603744 1201728 1402016 1502160 27940176 1
 2203168 2303312 1502160 1402016 701008 2002880 1301872 1602304 2503600 901296 1301872 2203168 1301872 1602304 1502160 27439456 1
 2203168 2403456 1201728 1301872 701008 2203168 1402016 1602304 2403456 1001440 1201728 1902736 1101584 1201728 2203168 27139024 1
 2603744 11216128 5307632 1301872 1201728 2203168 901296 2002880 2503600 901296 1001440 2303312 1502160 1402016 2303312 41659904 1
 2303312 2002880 1301872 1502160 901296 2703888 1301872 1702448 2603744 1001440 1101584 2603744 1502160 1201728 1602304 28440896 1
 2203168 2002880 1402016 1101584 801152 2303312 1301872 1602304 2303312 1101584 1001440 2804032 1402016 2403456 1702448 28240608 1
 2403456 2002880 1702448 1502160 901296 2203168 1402016 1602304 2203168 901296 1001440 2503600 1502160 1402016 1702448 27739888 1
 2103024 1802592 1502160 1301872 901296 1902736 1001440 1802592 2203168 1001440 901296 1802592 1101584 1201728 1502160 26438016 1
 2103024 2002880 1602304 1602304 801152 2403456 1201728 1502160 2403456 1001440 1001440 2002880 1201728 1702448 1402016 27239168 1
 2002880 1902736 1301872 1702448 701008 2002880 1101584 1502160 2203168 901296 1101584 1702448 1201728 1502160 1201728 25136144 1
 2403456 2103024 1201728 1602304 701008 2203168 1201728 1802592 2203168 1201728 1001440 2303312 1902736 1702448 1602304 28741328 1
 2103024 2103024 1201728 1502160 901296 1802592 1201728 1602304 2303312 901296 1101584 1702448 1301872 1101584 1802592 25837152 1
 2303312 2002880 1301872 1902736 500720 2203168 1301872 1201728 2403456 1001440 1201728 1802592 1502160 1201728 1602304 26538160 1
 1902736 600864 1502160 701008 1201728 2303312 200288 2703888 1702448 1402016 1402016 1201728 400576 2203168 701008 23934416 0
 1902736 801152 1402016 801152 1001440 2002880 801152 2203168 1602304 1402016 1301872 1301872 200288 2103024 901296 23333552 0
 1902736 701008 1201728 1001440 901296 2103024 500720 2603744 1101584 1702448 1101584 1101584 901296 1502160 1301872 23533840 0
 2103024 701008 1101584 1101584 901296 2203168 801152 2203168 1902736 1402016 1301872 901296 600864 1802592 1301872 25937296 0
 2103024 701008 1502160 1201728 701008 1802592 801152 2303312 1502160 1702448 1101584 1402016 1101584 1802592 701008 24435136 0
 1702448 701008 1101584 901296 701008 2002880 500720 2303312 901296 1802592 801152 1201728 701008 1602304 1001440 21130384 0
 2203168 500720 1301872 1201728 701008 2203168 701008 2103024 1201728 1702448 901296 1301872 400576 1602304 1001440 22632544 0
 1802592 600864 1301872 701008 1101584 2103024 801152 2203168 2002880 1702448 1101584 1402016 901296 1402016 1201728 23633984 0
 1902736 701008 1201728 1201728 600864 2203168 500720 2103024 1502160 1602304 901296 1201728 500720 1702448 1201728 22031680 0
 1902736 801152 1301872 701008 1201728 1902736 600864 2103024 1101584 1602304 1201728 1201728 400576 1702448 1001440 22031680 0
 1902736 701008 1001440 801152 1001440 1902736 500720 2603744 901296 1902736 1001440 1201728 500720 1602304 901296 22031680 0
 2002880 801152 701008 1001440 1001440 1802592 701008 2002880 1001440 1502160 1101584 901296 300432 1902736 600864 20529520 0
 1902736 701008 1402016 1001440 1201728 1301872 1001440 2103024 1001440 1702448 901296 1201728 0 2103024 701008 21631104 0
 1802592 701008 1602304 1001440 1101584 1702448 901296 1802592 1201728 1402016 1201728 1001440 600864 1902736 1001440 22231968 0
 1902736 701008 1201728 901296 1201728 1502160 1201728 1802592 1201728 1402016 1201728 1001440 0 2303312 300432 21631104 0
 2002880 701008 1101584 901296 1001440 1802592 600864 2103024 1001440 1502160 1101584 901296 300432 2203168 600864 21530960 0
 2203168 500720 1101584 801152 801152 2002880 400576 2002880 1402016 1402016 1402016 500720 901296 1702448 1001440 21130384 0
 1502160 801152 1402016 901296 1101584 2103024 500720 2403456 1402016 1702448 1201728 1101584 1001440 1802592 1502160 26638304 0
