 1502160 1702448 10414976 1301872 2904176 3705328 1702448 3304752 2804032 3304752 2002880 3304752 2103024 4005760 2703888 52775888 1
 2103024 400576 5307632 1602304 2703888 4406336 1702448 5007200 2403456 3304752 2303312 3104464 1702448 3805472 1402016 45966096 1
 1402016 3805472 3505040 1502160 1502160 4105904 1402016 3905616 2804032 2904176 2203168 3104464 1702448 2503600 1502160 52775888 1
 2203168 0 6108784 2203168 2804032 4005760 1201728 5207488 2403456 3104464 1902736 2804032 2603744 5207488 1902736 59385392 1
 7010080 1702448 8412096 2503600 2603744 4206048 1301872 3805472 2703888 2603744 2002880 3304752 2103024 2002880 2002880 56781648 1
 2403456 1201728 4005760 1402016 3104464 4206048 1702448 5007200 2804032 2804032 2002880 2804032 1702448 3304752 1402016 48469696 1
 2503600 801152 3705328 1902736 2303312 4105904 1201728 2603744 2804032 3004320 1802592 3605184 1902736 2503600 1502160 40458176 1
 2403456 500720 2804032 2403456 2103024 2904176 1802592 2904176 2804032 3404896 1902736 3004320 1702448 2603744 1101584 38255008 1
 2103024 801152 3805472 1702448 5007200 3204608 1802592 6909936 2703888 2303312 2103024 2804032 1602304 2403456 1301872 50372432 1
 2002880 2103024 6409216 1902736 6208928 2103024 1902736 2603744 2703888 3004320 2403456 3004320 1702448 5908496 1502160 48770128 1
 2703888 701008 4606624 2002880 2002880 4005760 1301872 2603744 3304752 4206048 2103024 3104464 1902736 2103024 1602304 42861632 1
 2203168 701008 2804032 2103024 1702448 3505040 1902736 2002880 2503600 2603744 2203168 3004320 1702448 1902736 1602304 36352272 1
 1602304 5608064 1802592 1802592 6709648 2203168 1301872 3304752 2703888 2203168 2103024 2804032 2002880 8111664 1502160 51173584 1
 1402016 1201728 4306192 1602304 6208928 2603744 1602304 3605184 2403456 2603744 2103024 2804032 1902736 2203168 1702448 41760048 1
 1602304 1902736 3404896 1702448 1702448 3805472 1902736 3905616 2603744 2603744 2103024 2804032 1902736 2603744 1602304 40358032 1
 1402016 1402016 5908496 2203168 4406336 2002880 1902736 3004320 2904176 6609504 2403456 3004320 4105904 2303312 2002880 49070560 1
 1402016 1201728 4606624 1502160 3605184 1902736 1201728 2904176 2503600 2303312 2103024 15422176 3004320 2403456 1702448 53977616 1
 701008 2103024 4806912 1802592 1702448 2904176 2303312 2904176 2403456 2804032 2103024 2804032 1902736 5708208 1201728 41960336 1
 1602304 1001440 3505040 1602304 1802592 4105904 1902736 3705328 2804032 2804032 2103024 2804032 2002880 2503600 2103024 40658464 1
 1802592 801152 2103024 1502160 20829952 3505040 2203168 1902736 2804032 2403456 2103024 2804032 1502160 2103024 1702448 53877472 1
 2103024 901296 3805472 1201728 4606624 2203168 1902736 2904176 2804032 3004320 2103024 2904176 10815552 1702448 2203168 55980496 1
 1902736 600864 3605184 1502160 2002880 2403456 3605184 3805472 2603744 2804032 2203168 3505040 2904176 2603744 1101584 41059040 1
 1502160 1001440 2804032 1602304 5808352 5307632 1802592 2603744 2804032 3404896 2103024 4806912 2203168 1802592 1402016 48169264 1
 1902736 801152 2804032 1602304 5007200 2103024 1702448 2303312 2403456 2203168 2103024 2804032 1502160 1802592 1201728 35851552 1
 2002880 500720 2403456 2503600 5407776 2503600 1802592 4306192 2603744 2703888 1802592 2904176 1802592 3104464 1301872 43863072 1
 1902736 1402016 4306192 2103024 3104464 2603744 1902736 3404896 2303312 3304752 1902736 3304752 2203168 2403456 2804032 42761488 1
 1301872 1402016 7010080 1602304 2403456 3805472 1902736 3104464 2904176 2403456 2303312 3404896 1702448 2002880 1502160 43162064 1
 1702448 701008 5007200 1902736 2103024 3805472 1902736 3505040 2403456 3104464 2103024 2904176 1402016 1602304 1502160 39957456 1
 1402016 1301872 2703888 1902736 1802592 4406336 1502160 2703888 2904176 2303312 2403456 2703888 1702448 2002880 1201728 37253568 1
 1902736 1001440 3104464 1602304 1902736 2703888 1602304 3304752 2403456 2303312 2303312 6008640 2403456 2603744 2904176 41860192 1
 1101584 1402016 2804032 1602304 1502160 4005760 2203168 2403456 2503600 2703888 1902736 2703888 1702448 1802592 1402016 35751408 1
 1201728 1001440 3104464 1301872 2203168 2403456 1702448 1802592 2403456 2103024 2103024 2904176 1402016 2403456 1902736 33548240 1
 1201728 1502160 3204608 1602304 2303312 4005760 2103024 1902736 2403456 2503600 2203168 2804032 1602304 1702448 1502160 36452416 1
 1402016 1301872 7410656 1702448 7610944 2103024 1702448 3004320 2403456 2804032 2203168 2603744 1402016 1602304 1502160 44564080 1
 1902736 1802592 2804032 1402016 1902736 4606624 2503600 2103024 2703888 2403456 2002880 2603744 1502160 1502160 1301872 37253568 1
 1602304 1402016 3104464 1902736 2403456 2603744 2103024 2804032 2403456 2904176 2103024 2603744 1702448 2103024 1402016 36752848 1
 1201728 1602304 3204608 1902736 2904176 2703888 1702448 3505040 2403456 3004320 2002880 2904176 1602304 2203168 1301872 43462496 1
 1001440 2103024 3304752 2002880 3705328 2403456 1702448 4506480 2603744 2303312 1902736 2804032 1201728 1702448 1402016 38154864 1
 1301872 1902736 2804032 1402016 2103024 2603744 2002880 2904176 2503600 2303312 2103024 2503600 1602304 4907056 1402016 38755728 1
 1101584 1201728 3004320 2203168 1702448 2503600 1702448 2403456 2103024 6309072 100144 801152 1101584 1902736 1402016 33047520 1
 1602304 901296 4206048 1502160 2603744 2403456 1802592 2703888 2503600 3705328 3004320 3605184 2002880 2203168 1402016 40458176 1
 1502160 1402016 4206048 2403456 2603744 2403456 1902736 1802592 2403456 2403456 2103024 2904176 1402016 2303312 2403456 38255008 1
 1101584 1702448 3204608 3805472 4005760 2503600 2203168 2103024 2503600 6208928 2203168 8612384 3304752 3004320 1902736 52675744 1
 1201728 1502160 4406336 1702448 10915696 4206048 1702448 4105904 2403456 2503600 2203168 2804032 1402016 2203168 1602304 48669984 1
 1902736 1702448 3004320 1702448 1802592 2703888 1602304 2103024 2503600 2203168 2002880 17925776 1802592 2203168 2103024 51474016 1
 1201728 1402016 7410656 1802592 2203168 2603744 2303312 2403456 2203168 5908496 2103024 3104464 2103024 2103024 1201728 43963216 1
 1602304 1602304 2904176 2503600 2303312 2804032 1902736 2103024 2403456 2603744 2203168 3104464 1402016 1702448 1301872 36352272 1
 1201728 1502160 5608064 1702448 1902736 3104464 2403456 1902736 2303312 2403456 2103024 6909936 0 2603744 2603744 42060480 1
 1502160 1502160 2703888 1902736 1502160 4306192 2002880 2403456 2603744 3004320 2103024 2804032 1802592 4706768 1301872 40257888 1
 1602304 1402016 2703888 1602304 1602304 3605184 1902736 2403456 2603744 2403456 2103024 2603744 1402016 1902736 901296 34349392 1
 1902736 600864 1502160 701008 1201728 2303312 200288 2703888 1702448 1402016 1402016 1201728 400576 2203168 701008 23934416 0
 1902736 801152 1402016 801152 1001440 2002880 801152 2203168 1602304 1402016 1301872 1301872 200288 2103024 901296 23333552 0
 1902736 701008 1201728 1001440 901296 2103024 500720 2603744 1101584 1702448 1101584 1101584 901296 1502160 1301872 23533840 0
 2103024 701008 1101584 1101584 901296 2203168 801152 2203168 1902736 1402016 1301872 901296 600864 1802592 1301872 25937296 0
 2103024 701008 1502160 1201728 701008 1802592 801152 2303312 1502160 1702448 1101584 1402016 1101584 1802592 701008 24435136 0
 1702448 701008 1101584 901296 701008 2002880 500720 2303312 901296 1802592 801152 1201728 701008 1602304 1001440 21130384 0
 2203168 500720 1301872 1201728 701008 2203168 701008 2103024 1201728 1702448 901296 1301872 400576 1602304 1001440 22632544 0
 1802592 600864 1301872 701008 1101584 2103024 801152 2203168 2002880 1702448 1101584 1402016 901296 1402016 1201728 23633984 0
 1902736 701008 1201728 1201728 600864 2203168 500720 2103024 1502160 1602304 901296 1201728 500720 1702448 1201728 22031680 0
 1902736 801152 1301872 701008 1201728 1902736 600864 2103024 1101584 1602304 1201728 1201728 400576 1702448 1001440 22031680 0
 1902736 701008 1001440 801152 1001440 1902736 500720 2603744 901296 1902736 1001440 1201728 500720 1602304 901296 22031680 0
 2002880 801152 701008 1001440 1001440 1802592 701008 2002880 1001440 1502160 1101584 901296 300432 1902736 600864 20529520 0
 1902736 701008 1402016 1001440 1201728 1301872 1001440 2103024 1001440 1702448 901296 1201728 0 2103024 701008 21631104 0
 1802592 701008 1602304 1001440 1101584 1702448 901296 1802592 1201728 1402016 1201728 1001440 600864 1902736 1001440 22231968 0
 1902736 701008 1201728 901296 1201728 1502160 1201728 1802592 1201728 1402016 1201728 1001440 0 2303312 300432 21631104 0
 2002880 701008 1101584 901296 1001440 1802592 600864 2103024 1001440 1502160 1101584 901296 300432 2203168 600864 21530960 0
 2203168 500720 1101584 801152 801152 2002880 400576 2002880 1402016 1402016 1402016 500720 901296 1702448 1001440 21130384 0
 1502160 801152 1402016 901296 1101584 2103024 500720 2403456 1402016 1702448 1201728 1101584 1001440 1802592 1502160 26638304 0
