 2303312 901296 2603744 2904176 3204608 1502160 3004320 3404896 1602304 2904176 801152 2503600 1902736 2503600 1802592 51073440 1
 1201728 2603744 2303312 2002880 1402016 2804032 8111664 2603744 4907056 2904176 701008 2603744 1702448 3505040 2603744 48369552 1
 2103024 1201728 1101584 2403456 2002880 2002880 2503600 2503600 1201728 3104464 701008 2503600 1602304 1602304 1802592 35851552 1
 2603744 901296 1702448 2203168 1301872 2703888 6809792 4005760 2403456 2904176 4206048 2703888 901296 1402016 1702448 42260768 1
 2904176 1001440 1802592 10214688 1201728 15021600 2203168 2703888 2002880 2904176 801152 2503600 2303312 2904176 1702448 58283808 1
 2103024 901296 1001440 2103024 1502160 2303312 2103024 2904176 1402016 3605184 901296 3004320 1201728 1702448 1502160 35551120 1
 2203168 901296 2203168 1602304 1201728 8311952 1902736 3004320 2703888 2703888 901296 2403456 2303312 1902736 1402016 42961776 1
 2303312 3104464 1201728 7811232 1602304 2203168 2103024 1702448 18025920 2103024 1001440 1802592 2403456 1902736 1902736 57382512 1
 2303312 901296 1201728 6909936 5507920 5808352 1502160 2603744 1502160 2303312 801152 2503600 2002880 3104464 1602304 47267968 1
 2203168 901296 1402016 1602304 1201728 2403456 2002880 1301872 5007200 2403456 901296 1902736 2002880 1402016 1802592 31845792 1
 2403456 801152 1402016 1602304 1402016 6208928 1702448 2203168 1301872 2503600 701008 2603744 1602304 1201728 1802592 35751408 1
 600864 1001440 1402016 2804032 2403456 2403456 2303312 3104464 1502160 3204608 1001440 2103024 1502160 1101584 2403456 36252128 1
 3905616 5908496 1502160 2703888 2403456 3004320 3104464 3605184 2403456 2703888 901296 17024480 2002880 2503600 1402016 72604400 1
 3204608 801152 3404896 6208928 2103024 3304752 2403456 2904176 2002880 2904176 701008 8111664 1802592 2403456 1902736 52775888 1
 2303312 901296 1702448 3004320 2403456 1402016 2503600 3104464 1602304 3204608 801152 7410656 1201728 2503600 3004320 47368112 1
 2403456 801152 1702448 2403456 2203168 2503600 2203168 3004320 2703888 2804032 801152 2703888 1502160 1702448 1802592 39356592 1
 2904176 1001440 1001440 2403456 1602304 2603744 2503600 2804032 1502160 2804032 1001440 2703888 1502160 2203168 1602304 43963216 1
 2303312 901296 1502160 2403456 1402016 2103024 1602304 2703888 1101584 2603744 801152 2403456 1301872 1702448 1702448 34850112 1
 2103024 1001440 2804032 1802592 1201728 3004320 1502160 2603744 1001440 3004320 701008 2303312 2303312 3104464 1301872 37453856 1
 2303312 1001440 1402016 1402016 1402016 2904176 1702448 2503600 1201728 2904176 701008 6409216 1101584 1702448 1702448 36953136 1
 2403456 901296 1702448 2203168 1301872 3304752 1602304 2603744 1402016 2703888 1001440 6409216 2804032 4406336 1702448 43262208 1
 2403456 901296 1702448 1902736 1402016 2303312 1702448 2603744 1502160 2503600 1001440 3304752 1602304 1502160 1702448 32246368 1
 2303312 901296 1802592 1602304 5207488 2103024 2203168 2804032 1602304 2503600 901296 5107344 2203168 3505040 1402016 40958896 1
 2403456 901296 1201728 1902736 1702448 12518000 2403456 2603744 1402016 5007200 2103024 2603744 2203168 1802592 1502160 46767248 1
 2303312 1001440 1602304 2503600 2103024 2503600 1902736 2603744 1502160 2103024 701008 2403456 2403456 2403456 1301872 40758608 1
 2303312 1001440 1402016 2203168 901296 2804032 1702448 1702448 1602304 1902736 701008 2403456 5007200 2603744 1301872 33648384 1
 5507920 1301872 2103024 2303312 1301872 2904176 2203168 2703888 2703888 2203168 701008 2703888 1502160 1902736 1702448 38355152 1
 2103024 1201728 1201728 2103024 1502160 3905616 2002880 1902736 2503600 2703888 901296 2804032 1702448 1902736 1702448 34850112 1
 2203168 500720 1902736 2103024 1702448 3605184 1001440 2403456 1001440 2103024 500720 2703888 1502160 1502160 1201728 30143344 1
 10915696 1201728 2303312 1902736 1402016 2403456 1101584 2203168 1201728 1902736 500720 2603744 1402016 1402016 1502160 37954576 1
 2103024 901296 1201728 1602304 1301872 3505040 1201728 2403456 1201728 3104464 600864 2703888 2203168 1502160 1802592 37554000 1
 2403456 701008 1802592 1502160 1402016 4005760 1702448 2603744 1602304 2203168 701008 2403456 1301872 1502160 1402016 31345072 1
 2203168 701008 1402016 1802592 1101584 4206048 1602304 2403456 1502160 2103024 701008 2603744 1402016 1301872 1502160 30543920 1
 2002880 1001440 1402016 1702448 901296 3304752 1201728 2403456 1201728 1602304 1001440 1902736 1402016 1402016 1902736 28641184 1
 2103024 801152 1201728 1602304 1201728 3705328 1301872 2503600 1201728 3004320 701008 2403456 1201728 1402016 1301872 29842912 1
 2203168 901296 1201728 1602304 1201728 3505040 2403456 3605184 4005760 2203168 901296 2403456 1402016 22532400 1001440 54778768 1
 1902736 400576 1201728 2002880 1402016 2103024 1402016 2203168 1201728 4706768 901296 2203168 3805472 2804032 1201728 32546800 1
 1802592 801152 1001440 2503600 1101584 2503600 1702448 2303312 1101584 2103024 500720 2303312 1201728 1301872 1802592 27539600 1
 2103024 600864 1201728 2002880 1201728 2303312 1201728 2103024 701008 2002880 400576 2103024 1702448 1201728 1402016 25837152 1
 1902736 801152 1602304 1301872 1201728 2103024 1101584 1902736 1101584 1602304 901296 2002880 1402016 1001440 1602304 24735568 1
 2203168 1001440 901296 1602304 1201728 2703888 1101584 2403456 1201728 1402016 1001440 2002880 1502160 1702448 1602304 26838592 1
 1802592 801152 1001440 1702448 1201728 2503600 1402016 2203168 1402016 3605184 1101584 3905616 1502160 1602304 2603744 31745648 1
 2103024 901296 1201728 1502160 1201728 3004320 1001440 2303312 1201728 1502160 600864 2403456 1502160 1201728 1301872 26538160 1
 1902736 600864 1802592 1402016 1301872 2603744 1201728 2103024 1602304 2002880 801152 2303312 1802592 1201728 1902736 28040320 1
 1802592 801152 901296 1702448 1201728 2103024 1201728 2403456 1201728 1602304 901296 2203168 901296 1502160 1101584 25336432 1
 1702448 801152 1101584 1502160 1201728 2603744 1201728 2303312 701008 3705328 701008 2603744 1101584 1602304 1201728 27239168 1
 1902736 901296 1201728 1201728 1402016 2904176 1201728 2403456 801152 2002880 400576 2703888 1802592 2403456 1702448 28440896 1
 1902736 1201728 5007200 2804032 1301872 2303312 901296 2303312 1402016 2002880 600864 4907056 1502160 1802592 1802592 34549680 1
 2303312 701008 1001440 1902736 1001440 3004320 1201728 2403456 1201728 1602304 701008 2603744 1502160 1902736 1402016 27739888 1
 2303312 801152 2002880 1802592 1402016 2403456 1301872 2303312 1902736 2904176 701008 2303312 1201728 1502160 1502160 30644064 1
 1902736 600864 1502160 701008 1201728 2303312 200288 2703888 1702448 1402016 1402016 1201728 400576 2203168 701008 23934416 0
 1902736 801152 1402016 801152 1001440 2002880 801152 2203168 1602304 1402016 1301872 1301872 200288 2103024 901296 23333552 0
 1902736 701008 1201728 1001440 901296 2103024 500720 2603744 1101584 1702448 1101584 1101584 901296 1502160 1301872 23533840 0
 2103024 701008 1101584 1101584 901296 2203168 801152 2203168 1902736 1402016 1301872 901296 600864 1802592 1301872 25937296 0
 2103024 701008 1502160 1201728 701008 1802592 801152 2303312 1502160 1702448 1101584 1402016 1101584 1802592 701008 24435136 0
 1702448 701008 1101584 901296 701008 2002880 500720 2303312 901296 1802592 801152 1201728 701008 1602304 1001440 21130384 0
 2203168 500720 1301872 1201728 701008 2203168 701008 2103024 1201728 1702448 901296 1301872 400576 1602304 1001440 22632544 0
 1802592 600864 1301872 701008 1101584 2103024 801152 2203168 2002880 1702448 1101584 1402016 901296 1402016 1201728 23633984 0
 1902736 701008 1201728 1201728 600864 2203168 500720 2103024 1502160 1602304 901296 1201728 500720 1702448 1201728 22031680 0
 1902736 801152 1301872 701008 1201728 1902736 600864 2103024 1101584 1602304 1201728 1201728 400576 1702448 1001440 22031680 0
 1902736 701008 1001440 801152 1001440 1902736 500720 2603744 901296 1902736 1001440 1201728 500720 1602304 901296 22031680 0
 2002880 801152 701008 1001440 1001440 1802592 701008 2002880 1001440 1502160 1101584 901296 300432 1902736 600864 20529520 0
 1902736 701008 1402016 1001440 1201728 1301872 1001440 2103024 1001440 1702448 901296 1201728 0 2103024 701008 21631104 0
 1802592 701008 1602304 1001440 1101584 1702448 901296 1802592 1201728 1402016 1201728 1001440 600864 1902736 1001440 22231968 0
 1902736 701008 1201728 901296 1201728 1502160 1201728 1802592 1201728 1402016 1201728 1001440 0 2303312 300432 21631104 0
 2002880 701008 1101584 901296 1001440 1802592 600864 2103024 1001440 1502160 1101584 901296 300432 2203168 600864 21530960 0
 2203168 500720 1101584 801152 801152 2002880 400576 2002880 1402016 1402016 1402016 500720 901296 1702448 1001440 21130384 0
 1502160 801152 1402016 901296 1101584 2103024 500720 2403456 1402016 1702448 1201728 1101584 1001440 1802592 1502160 26638304 0
