 1902736 1402016 2603744 1902736 1502160 1301872 1201728 2403456 2403456 2303312 1502160 901296 1502160 1802592 2403456 35150544 1
 3004320 1301872 3605184 2804032 2002880 2503600 1502160 6409216 2002880 2203168 701008 3304752 2603744 2103024 1602304 47368112 1
 2103024 1001440 1402016 1902736 1201728 1201728 1902736 2503600 2703888 2103024 1201728 1201728 2103024 1902736 1602304 32747088 1
 2002880 1301872 2203168 2203168 1602304 1702448 2203168 3304752 3505040 2002880 1602304 1301872 1301872 1602304 1301872 36652704 1
 2103024 701008 1602304 1502160 1201728 901296 1902736 2804032 1702448 2203168 1402016 1402016 1201728 1902736 1402016 30343632 1
 2403456 1101584 3204608 2403456 1301872 1502160 1902736 2904176 1402016 2002880 1301872 1402016 1602304 6909936 1602304 44564080 1
 1902736 2603744 3104464 1602304 1702448 1402016 1702448 2503600 2203168 1201728 1702448 901296 1902736 1402016 1902736 36352272 1
 2603744 2103024 2103024 1802592 1301872 1902736 1702448 8512240 5407776 1402016 1502160 1201728 1101584 1702448 1602304 44463936 1
 1902736 1201728 1402016 1402016 901296 1201728 2203168 2103024 1602304 1702448 1702448 1001440 1402016 1402016 1402016 29642624 1
 2203168 1602304 2203168 1802592 1201728 1702448 1301872 3104464 2603744 1502160 1702448 1201728 2303312 1602304 1502160 35250688 1
 2303312 901296 2703888 1702448 1802592 1402016 1702448 2403456 1402016 1602304 2002880 701008 3505040 3805472 1402016 36252128 1
 2303312 1001440 2303312 2203168 2002880 2203168 1402016 2403456 1702448 1502160 1502160 1001440 1301872 1502160 1301872 32346512 1
 2303312 7210368 5407776 2603744 1902736 1602304 1502160 2103024 1001440 1702448 1101584 1201728 1902736 1702448 1602304 42160624 1
 3505040 1502160 3004320 2503600 1902736 2503600 1301872 2804032 2904176 1702448 1201728 1602304 1702448 1502160 1902736 39657024 1
 1602304 1201728 1902736 1702448 901296 1201728 1402016 2403456 1201728 1101584 6709648 1402016 1201728 3805472 901296 37453856 1
 2203168 1001440 4907056 1301872 1502160 1802592 1301872 2804032 3505040 1902736 1201728 1201728 9113104 1902736 1702448 44764368 1
 2403456 901296 5007200 1402016 1402016 1402016 1702448 2904176 4005760 1402016 1201728 1402016 1702448 1602304 1502160 34349392 1
 2703888 1101584 4306192 1702448 1201728 801152 1301872 6409216 3304752 2002880 2804032 1402016 1301872 1802592 1502160 42561200 1
 2403456 1602304 3304752 2403456 701008 2603744 1402016 2203168 1902736 1602304 2203168 701008 4907056 3605184 1402016 38655584 1
 2804032 1201728 3204608 1802592 1001440 2203168 1802592 2804032 2603744 1802592 2603744 1101584 2002880 1402016 1902736 36652704 1
 1902736 1802592 3605184 1702448 1201728 1101584 1402016 9313392 1902736 2103024 1402016 1201728 3304752 4806912 1402016 43863072 1
 2503600 1602304 2403456 2002880 1001440 1502160 1902736 2403456 2303312 1602304 1802592 2002880 2203168 1502160 1502160 35150544 1
 1802592 1001440 4306192 1602304 901296 1702448 1502160 2303312 2804032 2203168 1201728 1402016 901296 1902736 1201728 31745648 1
 2703888 1502160 2303312 2103024 1502160 2103024 2002880 6008640 3805472 1802592 1402016 1902736 1201728 1602304 1402016 42260768 1
 2203168 1301872 2203168 1902736 1702448 1602304 1402016 2403456 1502160 1602304 1902736 901296 1201728 2002880 1502160 31645504 1
 3104464 2503600 4005760 2103024 1502160 1802592 1201728 6609504 6409216 1702448 1502160 1301872 1201728 7010080 1502160 66395472 1
 1902736 1201728 1602304 1902736 1702448 1902736 1602304 2403456 1402016 4105904 1402016 1402016 1602304 2002880 1402016 32046080 1
 2002880 1502160 1702448 1602304 1402016 2904176 1502160 2904176 2303312 1101584 1502160 1201728 1602304 1402016 1702448 37554000 1
 1902736 2904176 1702448 1602304 901296 1502160 701008 2403456 1301872 1502160 1201728 901296 1702448 2403456 3805472 30844352 1
 2002880 1301872 1902736 1702448 901296 1301872 1702448 2203168 1802592 1502160 1201728 1101584 1402016 1602304 1402016 32446656 1
 1602304 1201728 1902736 1702448 901296 2303312 1502160 2403456 901296 1602304 1201728 1201728 1702448 1702448 1602304 30143344 1
 1902736 901296 1802592 1301872 1201728 1502160 1301872 2203168 1201728 1502160 1402016 1001440 2103024 1502160 4105904 32847232 1
 1902736 3605184 2503600 1201728 1201728 4706768 1201728 2403456 1502160 1301872 1602304 1101584 1602304 1502160 1301872 33448096 1
 2203168 1702448 2203168 1802592 1201728 1902736 901296 2703888 1301872 2503600 2203168 1101584 1301872 1301872 1602304 33147664 1
 2303312 2203168 2603744 2103024 1001440 2103024 1201728 2603744 1201728 1602304 6709648 1902736 2103024 1602304 1502160 37654144 1
 2103024 1101584 1802592 1702448 1001440 1902736 1001440 2503600 1502160 1902736 1702448 1301872 1502160 1201728 1301872 33848672 1
 2703888 3705328 3605184 1802592 1201728 1502160 1402016 2303312 2203168 1201728 1201728 1101584 1201728 1402016 1502160 35851552 1
 3204608 2303312 4606624 1402016 1802592 2503600 1502160 2804032 4206048 1502160 1802592 901296 1902736 1301872 1502160 39857312 1
 2203168 2503600 4105904 2103024 1201728 1201728 1001440 2303312 1201728 1902736 1902736 1001440 1602304 2103024 1201728 31845792 1
 2603744 2002880 3805472 2203168 1802592 1902736 1201728 2804032 1702448 1502160 19227648 1802592 3905616 2002880 1001440 56881792 1
 2403456 2703888 2503600 2002880 1402016 3705328 1001440 2403456 1001440 1402016 1402016 1201728 9012960 1201728 1602304 40458176 1
 2103024 3004320 2503600 1602304 1301872 1201728 1301872 2603744 1301872 2403456 1802592 801152 1602304 1502160 1602304 32747088 1
 2103024 1402016 4206048 2002880 901296 1502160 1201728 2303312 1702448 1201728 1402016 1201728 1101584 1702448 1702448 30844352 1
 2303312 2303312 3505040 2603744 1502160 3805472 1001440 2503600 1802592 1602304 1702448 1001440 1402016 1201728 1902736 37153424 1
 1902736 1602304 2904176 2403456 701008 1602304 901296 2403456 1201728 1402016 1201728 1201728 1201728 1902736 1201728 29842912 1
 2303312 1301872 2503600 1802592 1602304 2203168 1101584 3505040 1802592 2203168 2503600 2403456 2403456 2103024 1802592 38054720 1
 2403456 2904176 5908496 1602304 1001440 1402016 701008 2103024 1201728 1502160 1101584 1201728 1201728 1702448 1402016 31845792 1
 2103024 1602304 2103024 2203168 901296 2203168 1301872 2403456 1201728 2103024 3004320 1402016 1702448 1101584 1802592 32847232 1
 7811232 1402016 3104464 2203168 1201728 1602304 1101584 2203168 1702448 1301872 1502160 1402016 1502160 2002880 1502160 37253568 1
 2403456 2103024 3404896 1802592 2403456 3004320 801152 3505040 2603744 1902736 2403456 1301872 1402016 2002880 2303312 41760048 1
 1902736 600864 1502160 701008 1201728 2303312 200288 2703888 1702448 1402016 1402016 1201728 400576 2203168 701008 23934416 0
 1902736 801152 1402016 801152 1001440 2002880 801152 2203168 1602304 1402016 1301872 1301872 200288 2103024 901296 23333552 0
 1902736 701008 1201728 1001440 901296 2103024 500720 2603744 1101584 1702448 1101584 1101584 901296 1502160 1301872 23533840 0
 2103024 701008 1101584 1101584 901296 2203168 801152 2203168 1902736 1402016 1301872 901296 600864 1802592 1301872 25937296 0
 2103024 701008 1502160 1201728 701008 1802592 801152 2303312 1502160 1702448 1101584 1402016 1101584 1802592 701008 24435136 0
 1702448 701008 1101584 901296 701008 2002880 500720 2303312 901296 1802592 801152 1201728 701008 1602304 1001440 21130384 0
 2203168 500720 1301872 1201728 701008 2203168 701008 2103024 1201728 1702448 901296 1301872 400576 1602304 1001440 22632544 0
 1802592 600864 1301872 701008 1101584 2103024 801152 2203168 2002880 1702448 1101584 1402016 901296 1402016 1201728 23633984 0
 1902736 701008 1201728 1201728 600864 2203168 500720 2103024 1502160 1602304 901296 1201728 500720 1702448 1201728 22031680 0
 1902736 801152 1301872 701008 1201728 1902736 600864 2103024 1101584 1602304 1201728 1201728 400576 1702448 1001440 22031680 0
 1902736 701008 1001440 801152 1001440 1902736 500720 2603744 901296 1902736 1001440 1201728 500720 1602304 901296 22031680 0
 2002880 801152 701008 1001440 1001440 1802592 701008 2002880 1001440 1502160 1101584 901296 300432 1902736 600864 20529520 0
 1902736 701008 1402016 1001440 1201728 1301872 1001440 2103024 1001440 1702448 901296 1201728 0 2103024 701008 21631104 0
 1802592 701008 1602304 1001440 1101584 1702448 901296 1802592 1201728 1402016 1201728 1001440 600864 1902736 1001440 22231968 0
 1902736 701008 1201728 901296 1201728 1502160 1201728 1802592 1201728 1402016 1201728 1001440 0 2303312 300432 21631104 0
 2002880 701008 1101584 901296 1001440 1802592 600864 2103024 1001440 1502160 1101584 901296 300432 2203168 600864 21530960 0
 2203168 500720 1101584 801152 801152 2002880 400576 2002880 1402016 1402016 1402016 500720 901296 1702448 1001440 21130384 0
 1502160 801152 1402016 901296 1101584 2103024 500720 2403456 1402016 1702448 1201728 1101584 1001440 1802592 1502160 26638304 0
