 2303312 2203168 2603744 3004320 1502160 2103024 1101584 3404896 1702448 2503600 2703888 3104464 1802592 3104464 2203168 50973296 1
 2203168 2403456 2002880 2303312 1702448 2703888 1301872 3605184 1602304 3104464 3004320 3204608 1301872 2103024 2002880 43762928 1
 2603744 2403456 3104464 3304752 2203168 1602304 1702448 2804032 1402016 3304752 2904176 3505040 1502160 4706768 1402016 42961776 1
 3404896 2303312 2203168 2503600 2403456 1602304 1301872 3004320 1602304 2503600 2703888 3104464 1402016 3905616 3004320 41159184 1
 2603744 3404896 3004320 2403456 1502160 2303312 901296 3204608 801152 2904176 2603744 3104464 1702448 3505040 2603744 40858752 1
 2804032 2303312 2703888 1902736 2203168 1702448 1301872 3104464 1602304 1902736 2403456 3204608 1502160 3004320 3004320 38956016 1
 2103024 2103024 1902736 2403456 2203168 1602304 1101584 2904176 1201728 2103024 2603744 3104464 1201728 3104464 1702448 44864512 1
 2203168 2203168 1902736 1402016 3004320 1602304 1201728 3304752 1602304 1902736 2703888 3304752 901296 1902736 1402016 42861632 1
 2103024 1802592 1201728 2002880 1902736 1802592 1201728 3404896 7811232 2303312 3104464 4005760 51774448 1902736 3805472 95036656 1
 2203168 2103024 1902736 2103024 1602304 1201728 1502160 2804032 1402016 2203168 2804032 2804032 1201728 1502160 1602304 32747088 1
 2303312 1902736 1602304 1902736 2904176 1502160 1201728 3004320 1101584 1602304 2403456 2703888 901296 1502160 1502160 32546800 1
 2103024 19427936 3104464 2203168 1301872 1502160 901296 2904176 901296 1902736 2403456 2804032 1001440 5708208 1101584 53577040 1
 2103024 2002880 1402016 2503600 2002880 1502160 1502160 2904176 1101584 2103024 2904176 2804032 1201728 1502160 1702448 33548240 1
 2703888 2503600 2703888 4907056 2904176 2303312 1702448 4105904 1201728 1602304 2603744 2603744 1101584 1201728 1502160 39857312 1
 2203168 2002880 2503600 1802592 1402016 2703888 1702448 3705328 1502160 2904176 3304752 3805472 2002880 1101584 2203168 41760048 1
 2303312 2403456 2703888 2103024 1602304 2203168 1902736 2303312 2403456 1702448 2303312 3104464 1001440 1702448 1602304 35651264 1
 2603744 2002880 1702448 1201728 1502160 1702448 901296 2203168 3104464 1802592 5107344 0 1101584 1402016 1402016 35851552 1
 2002880 1902736 1301872 2703888 1602304 2002880 1101584 3104464 1201728 1402016 2804032 2703888 701008 1702448 1301872 31645504 1
 2203168 2103024 1902736 1702448 1201728 1902736 1201728 1902736 2703888 1502160 2203168 2703888 1001440 1201728 1502160 31445216 1
 2103024 1902736 1402016 1702448 1902736 1702448 1602304 1201728 2603744 2503600 3905616 5207488 1402016 1702448 2303312 38655584 1
 2403456 2203168 2303312 1702448 1402016 1802592 1402016 1802592 2703888 2103024 2503600 3304752 7711088 3104464 2703888 43762928 1
 2103024 2103024 1902736 1502160 1301872 2002880 2403456 1602304 2603744 2103024 3304752 7110224 1201728 3404896 2303312 40758608 1
 2002880 2002880 1201728 1402016 1502160 1702448 1702448 2303312 3104464 2703888 3004320 4105904 2303312 3404896 1902736 38555440 1
 2703888 2103024 1902736 1402016 1702448 1602304 4806912 2303312 2603744 2203168 2503600 2703888 1402016 1502160 1602304 39657024 1
 2103024 2103024 1602304 1301872 1301872 1702448 2002880 2303312 2603744 5708208 0 2703888 1902736 2002880 2103024 35751408 1
 2203168 1902736 1902736 1602304 1502160 1402016 1902736 1101584 2203168 1201728 2603744 9213248 1201728 1702448 2103024 37754288 1
 2904176 2002880 2103024 1802592 1301872 2103024 1201728 3304752 1502160 3905616 3304752 3104464 1602304 1602304 2103024 39056160 1
 2703888 2103024 2403456 1602304 1602304 1902736 1502160 3505040 1201728 3304752 2603744 3104464 1201728 1201728 1602304 36352272 1
 2403456 6509360 1201728 2103024 1402016 1902736 1101584 2203168 2203168 1502160 2804032 6309072 1602304 2603744 2103024 41960336 1
 2403456 2303312 1702448 1902736 1402016 1902736 1702448 2804032 2303312 2904176 3104464 3805472 2103024 2103024 2904176 39456736 1
 2403456 2203168 2103024 1301872 1301872 2103024 1101584 3404896 1402016 1902736 3004320 2904176 1301872 1502160 1802592 34149104 1
 2403456 2002880 2603744 1301872 1602304 1902736 1201728 3104464 1402016 1902736 2603744 3505040 1201728 1502160 2403456 34549680 1
 2103024 1902736 1802592 1201728 1502160 1802592 1001440 3104464 1602304 1802592 2703888 3304752 1702448 4105904 1301872 35050400 1
 2103024 2103024 2103024 1502160 1201728 1802592 1201728 3104464 1201728 2303312 3204608 3204608 1702448 701008 2703888 34349392 1
 2203168 1902736 1502160 1301872 1402016 1802592 1101584 3505040 1502160 1802592 2603744 3004320 1301872 1301872 1602304 31745648 1
 2203168 1802592 1201728 1702448 1201728 1902736 1001440 3505040 1902736 2603744 2804032 3204608 1602304 1201728 1902736 33948816 1
 2303312 2203168 1201728 1702448 1201728 1702448 1101584 3505040 2002880 2203168 2703888 3104464 2103024 1602304 2303312 35250688 1
 1902736 1902736 1402016 1702448 1201728 1902736 701008 2804032 1902736 2203168 2804032 3104464 1201728 1101584 1702448 31345072 1
 3304752 2103024 2603744 1602304 1502160 1902736 1301872 3805472 1702448 2804032 3505040 3505040 2103024 2503600 2703888 41059040 1
 2203168 1902736 1402016 1602304 1702448 2002880 1101584 3605184 2103024 1802592 2703888 3304752 2403456 2103024 2403456 36852992 1
 2203168 2002880 1602304 1402016 1402016 2303312 1301872 3905616 1602304 2503600 2603744 3004320 1602304 1001440 1602304 34048960 1
 2203168 2103024 1802592 1702448 1502160 1602304 1502160 3505040 1702448 1402016 2603744 3304752 1201728 1602304 1702448 33948816 1
 2103024 2002880 1602304 1402016 1802592 2203168 1301872 3505040 2002880 2002880 3505040 4005760 1602304 901296 1802592 38154864 1
 2203168 1802592 1201728 1201728 1902736 1702448 1602304 3605184 1902736 1802592 2703888 3705328 3404896 2403456 2503600 37754288 1
 2403456 1902736 1201728 1402016 1802592 1902736 1101584 3705328 2002880 2403456 3004320 6409216 3505040 2603744 2603744 41960336 1
 2103024 2203168 1602304 1201728 1902736 2103024 1702448 3304752 1902736 2403456 2603744 3605184 2503600 2403456 2403456 37954576 1
 2303312 2403456 1602304 1402016 1702448 1802592 1301872 3605184 2002880 2203168 3004320 3605184 1802592 1101584 2804032 36452416 1
 2103024 2203168 1702448 1301872 1502160 2103024 1201728 3805472 1902736 1702448 2503600 5808352 100144 1001440 2904176 36252128 1
 2503600 5808352 0 0 701008 1902736 1301872 3605184 2103024 1702448 2804032 6208928 1502160 2303312 2603744 38455296 1
 2503600 1902736 1201728 1702448 1201728 1602304 1402016 3404896 2103024 1902736 2603744 2804032 1201728 1502160 1602304 32646944 1
 1902736 600864 1502160 701008 1201728 2303312 200288 2703888 1702448 1402016 1402016 1201728 400576 2203168 701008 23934416 0
 1902736 801152 1402016 801152 1001440 2002880 801152 2203168 1602304 1402016 1301872 1301872 200288 2103024 901296 23333552 0
 1902736 701008 1201728 1001440 901296 2103024 500720 2603744 1101584 1702448 1101584 1101584 901296 1502160 1301872 23533840 0
 2103024 701008 1101584 1101584 901296 2203168 801152 2203168 1902736 1402016 1301872 901296 600864 1802592 1301872 25937296 0
 2103024 701008 1502160 1201728 701008 1802592 801152 2303312 1502160 1702448 1101584 1402016 1101584 1802592 701008 24435136 0
 1702448 701008 1101584 901296 701008 2002880 500720 2303312 901296 1802592 801152 1201728 701008 1602304 1001440 21130384 0
 2203168 500720 1301872 1201728 701008 2203168 701008 2103024 1201728 1702448 901296 1301872 400576 1602304 1001440 22632544 0
 1802592 600864 1301872 701008 1101584 2103024 801152 2203168 2002880 1702448 1101584 1402016 901296 1402016 1201728 23633984 0
 1902736 701008 1201728 1201728 600864 2203168 500720 2103024 1502160 1602304 901296 1201728 500720 1702448 1201728 22031680 0
 1902736 801152 1301872 701008 1201728 1902736 600864 2103024 1101584 1602304 1201728 1201728 400576 1702448 1001440 22031680 0
 1902736 701008 1001440 801152 1001440 1902736 500720 2603744 901296 1902736 1001440 1201728 500720 1602304 901296 22031680 0
 2002880 801152 701008 1001440 1001440 1802592 701008 2002880 1001440 1502160 1101584 901296 300432 1902736 600864 20529520 0
 1902736 701008 1402016 1001440 1201728 1301872 1001440 2103024 1001440 1702448 901296 1201728 0 2103024 701008 21631104 0
 1802592 701008 1602304 1001440 1101584 1702448 901296 1802592 1201728 1402016 1201728 1001440 600864 1902736 1001440 22231968 0
 1902736 701008 1201728 901296 1201728 1502160 1201728 1802592 1201728 1402016 1201728 1001440 0 2303312 300432 21631104 0
 2002880 701008 1101584 901296 1001440 1802592 600864 2103024 1001440 1502160 1101584 901296 300432 2203168 600864 21530960 0
 2203168 500720 1101584 801152 801152 2002880 400576 2002880 1402016 1402016 1402016 500720 901296 1702448 1001440 21130384 0
 1502160 801152 1402016 901296 1101584 2103024 500720 2403456 1402016 1702448 1201728 1101584 1001440 1802592 1502160 26638304 0
