 2002880 600864 5507920 500720 1201728 2804032 901296 5207488 1001440 1802592 500720 1502160 1301872 1301872 901296 31144784 1
 901296 701008 1001440 1402016 1001440 500720 901296 1602304 1502160 901296 701008 1502160 2303312 1402016 801152 19728368 1
 2603744 500720 1101584 1001440 1201728 1001440 801152 6409216 1101584 1402016 400576 1502160 1502160 1502160 1101584 29742768 1
 2203168 500720 1101584 1201728 1201728 1201728 1602304 2103024 2403456 1201728 701008 1201728 1602304 1201728 1001440 22832832 1
 1001440 500720 1201728 1201728 1001440 1001440 801152 1502160 1402016 1001440 600864 1402016 1301872 1101584 1001440 18326352 1
 500720 500720 1201728 1201728 901296 500720 1001440 1802592 1201728 1001440 701008 1201728 1201728 1101584 1001440 17425056 1
 4506480 701008 901296 1101584 1201728 2303312 901296 2203168 1502160 801152 500720 1402016 1602304 1502160 1001440 28641184 1
 1802592 500720 1201728 701008 1201728 801152 901296 1802592 1502160 1402016 701008 1502160 1602304 1402016 1201728 20829952 1
 801152 701008 801152 1502160 901296 1402016 1201728 2103024 1502160 1301872 701008 1301872 1602304 1402016 1001440 21130384 1
 1001440 701008 901296 1201728 1001440 901296 1001440 1902736 1301872 1201728 500720 1502160 1402016 1802592 801152 19728368 1
 801152 400576 1402016 1101584 1101584 801152 1001440 9113104 2103024 1201728 701008 1301872 1602304 1001440 1301872 31445216 1
 701008 500720 1702448 1301872 1001440 1602304 1001440 1702448 1802592 1001440 701008 1201728 1201728 1201728 901296 20128944 1
 2103024 701008 2603744 1101584 200288 2103024 701008 1902736 1802592 1201728 32446656 1902736 600864 1201728 4005760 54778768 1
 2002880 801152 2403456 1301872 1001440 2002880 1001440 2002880 1502160 1201728 701008 1402016 1402016 1602304 1001440 23934416 1
 1702448 600864 1101584 1802592 1001440 1402016 1702448 5507920 3204608 1402016 801152 1201728 1902736 1602304 1201728 29041760 1
 6809792 500720 3004320 1201728 701008 1301872 1001440 1602304 1702448 1101584 500720 1402016 2103024 1101584 1101584 28541040 1
 1001440 500720 1201728 1301872 1001440 1201728 901296 5007200 2103024 1502160 701008 1101584 1502160 901296 1201728 23533840 1
 1101584 500720 1101584 1402016 1301872 1602304 500720 1802592 1802592 1201728 701008 1402016 1402016 1201728 1201728 20729808 1
 701008 500720 1602304 1502160 901296 901296 1001440 1902736 1702448 1201728 600864 1402016 2203168 2203168 901296 21831392 1
 1201728 701008 1802592 1402016 2403456 2904176 1502160 2303312 1502160 1201728 500720 1301872 1301872 5307632 1101584 30143344 1
 1602304 100144 1802592 1402016 1001440 901296 1201728 1602304 2203168 1201728 1001440 1402016 1001440 1101584 1201728 21130384 1
 801152 1001440 901296 1001440 1101584 1101584 1301872 2403456 3104464 1301872 701008 1101584 1802592 901296 500720 21430816 1
 2103024 701008 1702448 1001440 901296 1201728 701008 1402016 1902736 701008 801152 1101584 1001440 1402016 1201728 20229088 1
 701008 600864 1101584 1001440 1101584 1001440 1101584 1201728 2002880 701008 500720 1502160 1201728 1702448 801152 18626784 1
 901296 500720 1602304 1802592 1101584 2203168 801152 4306192 3805472 1402016 901296 1001440 1702448 1802592 901296 27439456 1
 701008 600864 701008 1201728 1201728 2703888 1101584 2904176 1902736 1702448 400576 1402016 1402016 1702448 701008 23433696 1
 1001440 400576 901296 1101584 901296 1902736 1201728 2103024 2703888 1001440 701008 1402016 1802592 2303312 1001440 27038880 1
 901296 500720 1201728 1201728 1201728 1101584 1201728 1502160 1902736 901296 701008 1402016 1001440 1402016 1001440 22332112 1
 801152 500720 1201728 1001440 1201728 1101584 1201728 3905616 2503600 1101584 600864 1702448 1301872 3705328 1502160 30343632 1
 1001440 200288 1301872 901296 1201728 1101584 1902736 701008 14220448 1201728 801152 7811232 901296 1602304 1001440 38755728 1
 901296 600864 1001440 901296 1201728 6008640 1402016 1602304 4206048 1201728 500720 1402016 801152 4306192 1001440 33147664 1
 1301872 500720 1001440 1201728 1402016 1402016 1602304 1001440 5207488 1201728 701008 1702448 1201728 1902736 701008 24835712 1
 901296 701008 1201728 1301872 1201728 5608064 1201728 1402016 2603744 1101584 600864 1201728 1502160 1502160 1101584 31244928 1
 1201728 500720 1402016 1101584 1502160 1902736 1201728 1201728 4506480 1402016 701008 1602304 6409216 3404896 901296 31345072 1
 1301872 701008 1402016 1001440 1301872 1201728 1301872 1201728 5207488 1301872 500720 1602304 1602304 1502160 1101584 25036000 1
 901296 701008 701008 1001440 1402016 1201728 1201728 6208928 2303312 1201728 500720 1402016 1502160 1101584 1201728 25336432 1
 701008 2904176 1201728 1602304 1201728 3304752 1201728 2103024 2203168 1602304 801152 1201728 1301872 1502160 1201728 27139024 1
 901296 500720 2303312 1001440 1201728 6809792 901296 1702448 2303312 1201728 500720 1201728 1402016 1602304 1001440 32346512 1
 1201728 701008 3304752 1502160 901296 3505040 1201728 1502160 1902736 901296 500720 1101584 1201728 1902736 1001440 25636864 1
 1001440 600864 1602304 1301872 1301872 3404896 1602304 1301872 2203168 901296 500720 1402016 1101584 1602304 1301872 24935856 1
 1001440 500720 1301872 1502160 1201728 2303312 1201728 1402016 2203168 901296 500720 1201728 1602304 1402016 1001440 22332112 1
 801152 400576 2303312 1101584 1402016 4806912 1402016 1402016 15221888 1802592 600864 1101584 1402016 1702448 901296 47768688 1
 1201728 100144 2203168 1201728 1201728 3304752 2103024 4907056 3404896 1001440 600864 1201728 1201728 1502160 901296 29342192 1
 1402016 500720 2002880 1201728 1402016 2403456 1301872 1201728 2002880 901296 500720 1301872 1301872 1201728 1201728 23433696 1
 701008 1001440 1301872 1502160 1201728 2403456 1602304 1402016 14020160 1201728 500720 1402016 15221888 8011520 801152 55279488 1
 1001440 400576 1902736 1201728 1201728 1301872 1502160 1001440 2002880 801152 500720 1402016 1201728 1201728 901296 20930096 1
 1201728 801152 1001440 1502160 1402016 1902736 1201728 1101584 1902736 500720 701008 1001440 1201728 1402016 901296 20429376 1
 1101584 701008 1301872 1702448 1502160 2804032 1402016 1802592 4306192 1301872 600864 1201728 1502160 5908496 901296 30944496 1
 901296 500720 1502160 400576 1602304 1001440 1402016 1201728 5708208 1201728 500720 1301872 1201728 1201728 1001440 23533840 1
 901296 701008 1301872 1201728 1301872 1502160 1702448 1502160 4606624 1201728 600864 1502160 1001440 7110224 701008 29342192 1
 1902736 600864 1502160 701008 1201728 2303312 200288 2703888 1702448 1402016 1402016 1201728 400576 2203168 701008 23934416 0
 1902736 801152 1402016 801152 1001440 2002880 801152 2203168 1602304 1402016 1301872 1301872 200288 2103024 901296 23333552 0
 1902736 701008 1201728 1001440 901296 2103024 500720 2603744 1101584 1702448 1101584 1101584 901296 1502160 1301872 23533840 0
 2103024 701008 1101584 1101584 901296 2203168 801152 2203168 1902736 1402016 1301872 901296 600864 1802592 1301872 25937296 0
 2103024 701008 1502160 1201728 701008 1802592 801152 2303312 1502160 1702448 1101584 1402016 1101584 1802592 701008 24435136 0
 1702448 701008 1101584 901296 701008 2002880 500720 2303312 901296 1802592 801152 1201728 701008 1602304 1001440 21130384 0
 2203168 500720 1301872 1201728 701008 2203168 701008 2103024 1201728 1702448 901296 1301872 400576 1602304 1001440 22632544 0
 1802592 600864 1301872 701008 1101584 2103024 801152 2203168 2002880 1702448 1101584 1402016 901296 1402016 1201728 23633984 0
 1902736 701008 1201728 1201728 600864 2203168 500720 2103024 1502160 1602304 901296 1201728 500720 1702448 1201728 22031680 0
 1902736 801152 1301872 701008 1201728 1902736 600864 2103024 1101584 1602304 1201728 1201728 400576 1702448 1001440 22031680 0
 1902736 701008 1001440 801152 1001440 1902736 500720 2603744 901296 1902736 1001440 1201728 500720 1602304 901296 22031680 0
 2002880 801152 701008 1001440 1001440 1802592 701008 2002880 1001440 1502160 1101584 901296 300432 1902736 600864 20529520 0
 1902736 701008 1402016 1001440 1201728 1301872 1001440 2103024 1001440 1702448 901296 1201728 0 2103024 701008 21631104 0
 1802592 701008 1602304 1001440 1101584 1702448 901296 1802592 1201728 1402016 1201728 1001440 600864 1902736 1001440 22231968 0
 1902736 701008 1201728 901296 1201728 1502160 1201728 1802592 1201728 1402016 1201728 1001440 0 2303312 300432 21631104 0
 2002880 701008 1101584 901296 1001440 1802592 600864 2103024 1001440 1502160 1101584 901296 300432 2203168 600864 21530960 0
 2203168 500720 1101584 801152 801152 2002880 400576 2002880 1402016 1402016 1402016 500720 901296 1702448 1001440 21130384 0
 1502160 801152 1402016 901296 1101584 2103024 500720 2403456 1402016 1702448 1201728 1101584 1001440 1802592 1502160 26638304 0
